HF    CCSD    FCI    CS_CCSD    FCI_CCSD    FCI_CCSDT    Pauli_group_qwc     e_fci    e_cs_ccsd    e_fci_ccsd    fci_rdm_energy    qwc_rdm_energy    ci_sd_rdm_energy    ci_sdt_rdm_energy    cs_sd_rdm_energy    c0    c10    c01    c2    e_proj
0.08128661047656094    0.20805002565772865    0.20805002558821645    0.2067332591148378     0.20805002558821648    0.2080500255882165    0.21165293040293032    -0.9981493534714101    -0.9937857748440886    -0.9981493534714101    -0.9981493534714101    (-0.9995493059179643+2.384607824103968e-19j)    -0.9981493534714101    -0.9981493534714101    -0.9982111229652961    0.9414872189262431    -0.0009338606899582504    0.008871676554603388    -0.3400809345931296    -0.9937857748440886
0.08128661047656094    0.20805002565772865    0.20805002558821645    0.20754506124207744     0.20805002558821648    0.2080500255882165    0.21146214896214877    -0.9981493534714101    -0.9964777918583905    -0.9981493534714101    -0.9981493534714101    (-1.001168094120552+4.218921534953188e-19j)    -0.9981493534714101    -0.9981493534714101    -0.9981636827182261    0.9561177030689224    0.002179008276569248    0.004980590346444005    -0.3565791401157254    -0.9964777918583905
0.08128661047656094    0.20805002565772865    0.20805002558821645    0.20764634803617496     0.20805002558821648    0.2080500255882165    0.2076846764346763    -0.9981493534714101    -0.9967607675114624    -0.9981493534714101    -0.9981493534714101    (-1.0009422316862504-5.869803874717468e-19j)    -0.9981493534714101    -0.9981493534714101    -0.9982037060104547    0.9463121658243607    0.006537024829707752    -0.01105068483117263    -0.35408884494250337    -0.9967607675114624
0.08128661047656094    0.20805002565772865    0.20805002558821645    0.2074911211192903     0.20805002558821648    0.2080500255882165    0.20108363858363848    -0.9981493534714101    -0.9962157931924722    -0.9981493534714101    -0.9981493534714101    (-0.9944219837155801+1.6508823397642912e-19j)    -0.9981493534714101    -0.9981493534714101    -0.998235652523672    0.937284845821431    -0.0038910862081593784    0.01369662345272101    -0.3484856808027539    -0.9962157931924722
0.08128661047656094    0.20805002565772865    0.20805002558821645    0.20708772673041384     0.20805002558821648    0.2080500255882165    0.21611721611721596    -0.9981493534714101    -0.9949856380085844    -0.9981493534714101    -0.9981493534714101    (-1.0018978645258623+2.568039195188891e-19j)    -0.9981493534714101    -0.9981493534714101    -0.9981666841971317    0.932304255474987    -0.011673258624478131    0.0024902951732220014    -0.34163736907639336    -0.9949856380085844
0.08128661047656094    0.20805002565772865    0.20805002558821645    0.20886264960449974     0.20805002558821648    0.2080500255882165    0.2040598290598289    -0.9981493534714101    -1.0008226604982386    -0.9981493534714101    -0.9981493534714101    (-1.0038017027368222-3.8520587927833416e-19j)    -0.9981493534714101    -0.9981493534714101    -0.9981598803419067    0.9270123782318902    -0.004824946898117627    -0.000778217241631876    -0.3632718083937595    -1.0008226604982386
0.08128661047656094    0.20805002565772865    0.20805002558821645    0.20837441174205854     0.20805002558821648    0.2080500255882165    0.20810439560439548    -0.9981493534714101    -0.9989215380554637    -0.9981493534714101    -0.9981493534714101    (-1.0017268882546688-1.1005882265095228e-19j)    -0.9981493534714101    -0.9981493534714101    -0.9983938443296458    0.9352614809931881    -3.903223114480884e-18    -0.023813447593935392    -0.35875814839229464    -0.9989215380554637
0.08128661047656094    0.20805002565772865    0.20805002558821645    0.20693919084067877     0.20805002558821648    0.2080500255882165    0.19948107448107438    -0.9981493534714101    -0.9944702063277653    -0.9981493534714101    -0.9981493534714101    (-0.9996635793836672-4.585784277123014e-19j)    -0.9981493534714101    -0.9981493534714101    -0.998195367697218    0.9564289899655751    -0.001556434483263753    0.00793781586464513    -0.3483300373544276    -0.9944702063277653
0.08128661047656094    0.20805002565772865    0.20805002558821645    0.2068345648333889     0.20805002558821648    0.2080500255882165    0.20921092796092783    -0.9981493534714101    -0.9941435709086163    -0.9981493534714101    -0.9981493534714101    (-1.0002174366280734-8.988137183161117e-19j)    -0.9981493534714101    -0.9981493534714101    -0.9981852872002528    0.9533161209990476    -0.008404746209624253    0.005447520691423132    -0.3458397421812055    -0.9941435709086163
0.08128661047656094    0.20805002565772865    0.20805002558821645    0.2092719984330052     0.20805002558821648    0.2080500255882165    0.20463217338217327    -0.9981493534714101    -1.0021557388439353    -0.9981493534714101    -0.9981493534714101    (-0.9974497040017296+3.1183333084436433e-19j)    -0.9981493534714101    -0.9981493534714101    -0.9981851870370555    0.9263898044385848    0.022412656558998018    0.005447520691423132    -0.3684080421885299    -1.0021557388439353
0.08128661047656094    0.20805002565772865    0.20805002558821645    0.206975304178621     0.20805002558821648    0.2080500255882165    0.21295024420024405    -0.9981493534714101    -0.9946086921080073    -0.9981493534714101    -0.9981493534714101    (-0.9986764841084874-1.8343137108491595e-20j)    -0.9981493534714101    -0.9981493534714101    -0.9981771754730648    0.9347945506482089    -0.005447520691423131    0.004669303449791258    -0.34101479528308787    -0.9946086921080073
0.08128661047656094    0.20805002565772865    0.20805002558821645    0.2076629449158099     0.20805002558821648    0.2080500255882165    0.21165293040293023    -0.9981493534714101    -0.9967233125457565    -0.9981493534714101    -0.9981493534714101    (-0.9981528065058627+2.2011764530190427e-19j)    -0.9981493534714101    -0.9981493534714101    -0.9982802816375442    0.9475573134109717    -0.01151761517615176    0.017432066212554012    -0.35440013183915614    -0.9967233125457565
0.08128661047656094    0.20805002565772865    0.20805002558821645    0.20708775938268423     0.20805002558821648    0.2080500255882165    0.2054716117216116    -0.9981493534714101    -0.9949854814987993    -0.9981493534714101    -0.9981493534714101    (-1.0063984891526554-8.621274440991269e-19j)    -0.9981493534714101    -0.9981493534714101    -0.9981669055208224    0.9526935472057421    -0.0015564344832637493    0.0026459386215483775    -0.3491082545960594    -0.9949854814987993
0.08128661047656094    0.20805002565772865    0.20805002558821645    0.20747607524558692     0.20805002558821648    0.2080500255882165    0.21344627594627585    -0.9981493534714101    -0.9962575863100205    -0.9981493534714101    -0.9981493534714101    (-0.9968288437906152-3.668627421698303e-20j)    -0.9981493534714101    -0.9981493534714101    -0.9981595604960387    0.942265436167875    0.003268512414853877    -0.003424155863180251    -0.3505090456309968    -0.9962575863100205
0.08128661047656094    0.20805002565772865    0.20805002558821645    0.2084188601043827     0.20805002558821648    0.2080500255882165    0.20535714285714268    -0.9981493534714101    -0.9993421250136612    -0.9981493534714101    -0.9981493534714101    (-0.9938799993843423-7.337254843396886e-20j)    -0.9981493534714101    -0.9981493534714101    -0.9981681028093745    0.9332381161649452    0.01494177103933201    -0.006225737933055003    -0.3596920090822529    -0.9993421250136612
0.08128661047656094    0.20805002565772865    0.20805002558821645    0.20730524073001755     0.20805002558821648    0.2080500255882165    0.20634920634920623    -0.9981493534714101    -0.9956418526968634    -0.9981493534714101    -0.9981493534714101    (-0.9948204252613877-3.668627421698308e-20j)    -0.9981493534714101    -0.9981493534714101    -0.9982092170284402    0.9288800996118067    0.0038910862081593754    -0.010739397934519883    -0.34303816011133076    -0.9956418526968634
0.08128661047656094    0.20805002565772865    0.20805002558821645    0.20898653645881116     0.20805002558821648    0.2080500255882165    0.2099740537240536    -0.9981493534714101    -1.0011897028247394    -0.9981493534714101    -0.9981493534714101    (-0.9929321530949362-8.070980327736517e-19j)    -0.9981493534714101    -0.9981493534714101    -0.9981965805002884    0.9299696037500913    0.013385336556068259    -0.00887167655460338    -0.3659177470153079    -1.0011897028247394
0.08128661047656094    0.20805002565772865    0.20805002558821645    0.20852660103857437     0.20805002558821648    0.2080500255882165    0.21260683760683746    -0.9981493534714101    -0.9997161893201241    -0.9981493534714101    -0.9981493534714101    (-1.0016352586657553+2.75147056627381e-19j)    -0.9981493534714101    -0.9981493534714101    -0.9981534123117988    0.9232769354720572    0.00015564344832637482    0.0010895041382846234    -0.35735735735735724    -0.9997161893201241
0.08128661047656094    0.20805002565772865    0.20805002558821645    0.20796343076066576     0.20805002558821648    0.2080500255882165    0.20764652014652005    -0.9981493534714101    -0.9977559411687889    -0.9981493534714101    -0.9981493534714101    (-0.996064548174745-9.171568554246035e-19j)    -0.9981493534714101    -0.9981493534714101    -0.9982397518349011    0.9358840547864936    -0.004980590346444003    -0.014474840694352887    -0.3542444883908298    -0.9977559411687889
0.08128661047656094    0.20805002565772865    0.20805002558821645    0.2092563009617011     0.20805002558821648    0.2080500255882165    0.20619658119658102    -0.9981493534714101    -1.0021193466181193    -0.9981493534714101    -0.9981493534714101    (-0.997329152559179+2.3846078241039735e-19j)    -0.9981493534714101    -0.9981493534714101    -0.9981721723652988    0.9173624844356549    0.006537024829707756    0.0007782172416318718    -0.3646725994286969    -1.0021193466181193
0.08128661047656094    0.20805002565772865    0.20805002558821645    0.2079728338100637     0.20805002558821648    0.2080500255882165    0.21073717948717935    -0.9981493534714101    -0.9978750787460476    -0.9981493534714101    -0.9981493534714101    (-0.9988509785400226+7.337254843396893e-20j)    -0.9981493534714101    -0.9981493534714101    -0.9981664795661458    0.9263898044385848    0.01011682414121438    -0.006225737933055007    -0.35113161942430227    -0.9978750787460476
0.08128661047656094    0.20805002565772865    0.20805002558821645    0.20913199401089433     0.20805002558821648    0.2080500255882165    0.2076846764346763    -0.9981493534714101    -1.0015261087624872    -0.9981493534714101    -0.9981493534714101    (-1.0019921571566475+4.402352906038097e-19j)    -0.9981493534714101    -0.9981493534714101    -0.9983170657649891    0.9347945506482089    -0.0021790082765692532    0.018832857247491386    -0.36918625943016176    -1.0015261087624872
0.08128661047656094    0.20805002565772865    0.20805002558821645    0.20822971189368034     0.20805002558821648    0.2080500255882165    0.21268315018315004    -0.9981493534714101    -0.9987376865096373    -0.9981493534714101    -0.9981493534714101    (-0.9996945867678537-2.201176453019063e-19j)    -0.9981493534714101    -0.9981493534714101    -0.998151910053662    0.9315260382333551    -0.002490295173222    -0.002179008276569254    -0.3565791401157254    -0.9987376865096373
0.08128661047656094    0.20805002565772865    0.20805002558821645    0.20799551504914005     0.20805002558821648    0.2080500255882165    0.20573870573870565    -0.9981493534714101    -0.9978126269360951    -0.9981493534714101    -0.9981493534714101    (-1.0052866295350233-2.751470566273814e-19j)    -0.9981493534714101    -0.9981493534714101    -0.9982801149676839    0.936506628579799    0.006848311726360507    -0.017432066212554012    -0.35471141873580886    -0.9978126269360951
0.08128661047656094    0.20805002565772865    0.20805002558821645    0.2090583950475207     0.20805002558821648    0.2080500255882165    0.20409798534798518    -0.9981493534714101    -1.0014648515499365    -0.9981493534714101    -0.9981493534714101    (-0.9922013017401774-6.053235245802384e-19j)    -0.9981493534714101    -0.9981493534714101    -0.9981674089988939    0.9405533582362848    -0.004046729656485752    0.00233465172489563    -0.37120962425840465    -1.0014648515499365
0.08128661047656094    0.20805002565772865    0.20805002558821645    0.20738000219332547     0.20805002558821648    0.2080500255882165    0.20684523809523792    -0.9981493534714101    -0.9959319491965564    -0.9981493534714101    -0.9981493534714101    (-0.9894513052773135+3.4851960506134963e-19j)    -0.9981493534714101    -0.9981493534714101    -0.9981700032810665    0.9391525672013474    -0.008560389657950628    0.005603164139749503    -0.34801875045777475    -0.9959319491965564
0.08128661047656094    0.20805002565772865    0.20805002558821645    0.20976471277598346     0.20805002558821648    0.2080500255882165    0.2071886446886446    -0.9981493534714101    -1.0037954057751977    -0.9981493534714101    -0.9981493534714101    (-0.9957756481352154-7.33725484339671e-20j)    -0.9981493534714101    -0.9981493534714101    -0.9981951116074927    0.9419541492712222    -0.005603164139749503    0.0009338606899582469    -0.38132644839961904    -1.0037954057751977
0.08128661047656094    0.20805002565772865    0.20805002558821645    0.20652848843407967     0.20805002558821648    0.2080500255882165    0.20867673992673982    -0.9981493534714101    -0.9931016528201    -0.9981493534714101    -0.9981493534714101    (-0.9977627695078226-8.621274440991276e-19j)    -0.9981493534714101    -0.9981493534714101    -0.998231471440322    0.9354171244415145    0.002179008276569251    0.01011682414121438    -0.33510034424668567    -0.9931016528201
0.08128661047656094    0.20805002565772865    0.20805002558821645    0.2097169860240038     0.20805002558821648    0.2080500255882165    0.21272130647130633    -0.9981493534714101    -1.0036288107373847    -0.9981493534714101    -0.9981493534714101    (-0.9969013971939509-4.035490163868256e-19j)    -0.9981493534714101    -0.9981493534714101    -0.9982000100488544    0.9112923899509263    0.008404746209624258    -0.0042023731048121266    -0.36825239874020355    -1.0036288107373847
0.08128661047656094    0.20805002565772865    0.20805002558821645    0.20871606507742957     0.20805002558821648    0.2080500255882165    0.20478479853479842    -0.9981493534714101    -1.0002223451357501    -0.9981493534714101    -0.9981493534714101    (-0.9916312083556995+9.905294038585724e-19j)    -0.9981493534714101    -0.9981493534714101    -0.9982529072703121    0.93603969823482    -0.0015564344832637515    0.015097414487658384    -0.3643613125320441    -1.0002223451357501
0.08128661047656094    0.20805002565772865    0.20805002558821645    0.20920992994749882     0.20805002558821648    0.2080500255882165    0.20653998778998767    -0.9981493534714101    -1.0019323186140396    -0.9981493534714101    -0.9981493534714101    (-0.9964501025757051-5.319509761462695e-19j)    -0.9981493534714101    -0.9981493534714101    -0.9981982481177214    0.9267010913352375    -0.005136233794770381    0.008093459312971505    -0.367629824946898    -1.0019323186140396
0.08128661047656094    0.20805002565772865    0.20805002558821645    0.2092289435377838     0.20805002558821648    0.2080500255882165    0.20966880341880328    -0.9981493534714101    -1.0020258431386384    -0.9981493534714101    -0.9981493534714101    (-0.9942218471328224+2.568039195188893e-19j)    -0.9981493534714101    -0.9981493534714101    -0.9981738865446861    0.9281018823701749    0.008093459312971505    -0.002645938621548377    -0.36856368563685626    -1.0020258431386384
0.08128661047656094    0.20805002565772865    0.20805002558821645    0.2100922135286819     0.20805002558821648    0.2080500255882165    0.1994047619047618    -0.9981493534714101    -1.004804464319642    -0.9981493534714101    -0.9981493534714101    (-0.9962445724917273-1.1005882265095258e-18j)    -0.9981493534714101    -0.9981493534714101    -0.998271079478054    0.9249890134036474    -0.003579799311506624    -0.011673258624478131    -0.3785248663297443    -1.004804464319642
0.08128661047656094    0.20805002565772865    0.20805002558821645    0.2092814319769437     0.20805002558821648    0.2080500255882165    0.20539529914529897    -0.9981493534714101    -1.0020402757546962    -0.9981493534714101    -0.9981493534714101    (-0.9970499937633597+7.153823472311893e-19j)    -0.9981493534714101    -0.9981493534714101    -0.9983043368131037    0.9377517761664101    -0.0029572255182011265    -0.01774335310920676    -0.37245477184501563    -1.0020402757546962
0.08128661047656094    0.20805002565772865    0.20805002558821645    0.2083000871615974     0.20805002558821648    0.2080500255882165    0.20699786324786315    -0.9981493534714101    -0.9989019298692764    -0.9981493534714101    -0.9981493534714101    (-0.9972886299154722-1.2840195975944406e-19j)    -0.9981493534714101    -0.9981493534714101    -0.9982078223867554    0.9172068409873286    0.006070094484728626    -0.011361971727825385    -0.3517541932176078    -0.9989019298692764
0.08128661047656094    0.20805002565772865    0.20805002558821645    0.20836778836063796     0.20805002558821648    0.2080500255882165    0.21222527472527458    -0.9981493534714101    -0.999038915803787    -0.9981493534714101    -0.9981493534714101    (-0.9975059262827861+2.7514705662738116e-19j)    -0.9981493534714101    -0.9981493534714101    -0.9982789994464485    0.9340163334065771    0.002023364828242877    -0.017276422764227636    -0.35875814839229464    -0.999038915803787
0.08128661047656094    0.20805002565772865    0.20805002558821645    0.20899569419677475     0.20805002558821648    0.2080500255882165    0.20810439560439548    -0.9981493534714101    -1.0008412635752337    -0.9981493534714101    -0.9981493534714101    (-0.9998073868550086+5.686372503632523e-19j)    -0.9981493534714101    -0.9981493534714101    -0.9985056378414836    0.9363509851314727    0.0015564344832637504    -0.028482751043726648    -0.3670072511535925    -1.0008412635752337
0.08128661047656094    0.20805002565772865    0.20805002558821645    0.20627157041934535     0.20805002558821648    0.2080500255882165    0.20913461538461525    -0.9981493534714101    -0.992313208729476    -0.9981493534714101    -0.9981493534714101    (-1.0056176192275985+2.7514705662738116e-19j)    -0.9981493534714101    -0.9981493534714101    -0.9981995373139727    0.9400864278913057    -0.0010895041382846249    0.0003112868966527497    -0.33354390976342185    -0.992313208729476
0.08128661047656094    0.20805002565772865    0.20805002558821645    0.20693307538456548     0.20805002558821648    0.2080500255882165    0.21031746031746018    -0.9981493534714101    -0.9944163637548545    -0.9981493534714101    -0.9981493534714101    (-0.9990833781648971+3.301764679528563e-19j)    -0.9981493534714101    -0.9981493534714101    -0.9982241649788917    0.9502032520325201    0.005603164139749503    -0.011361971727825382    -0.3458397421812055    -0.9944163637548545
0.08128661047656094    0.20805002565772865    0.20805002558821645    0.20683144360991687     0.20805002558821648    0.2080500255882165    0.21005036630036616    -0.9981493534714101    -0.9939898041239336    -0.9981493534714101    -0.9981493534714101    (-1.002835110773328+3.66862742169836e-20j)    -0.9981493534714101    -0.9981493534714101    -0.9983070870173152    0.9520709734124366    0.009805537244561634    -0.017743353109206765    -0.3447502380429209    -0.9939898041239336
0.08128661047656094    0.20805002565772865    0.20805002558821645    0.2087645957748599     0.20805002558821648    0.2080500255882165    0.20837148962148944    -0.9981493534714101    -1.0004996940523434    -0.9981493534714101    -0.9981493534714101    (-1.002138484925347-1.65088233976429e-19j)    -0.9981493534714101    -0.9981493534714101    -0.9981576656363231    0.9371292023731046    0.008560389657950635    0.000933860689958251    -0.3659177470153079    -1.0004996940523434
0.08128661047656094    0.20805002565772865    0.20805002558821645    0.2077781946148604     0.20805002558821648    0.2080500255882165    0.20722680097680085    -0.9981493534714101    -0.9972324702003348    -0.9981493534714101    -0.9981493534714101    (-0.9991195207920391+5.686372503632536e-19j)    -0.9981493534714101    -0.9981493534714101    -0.9981700719798057    0.9312147513367024    0.002023364828242881    -0.006692668278034134    -0.35035340218267036    -0.9972324702003348
0.08128661047656094    0.20805002565772865    0.20805002558821645    0.2091944430555751     0.20805002558821648    0.2080500255882165    0.20779914529914512    -0.9981493534714101    -1.0019157307472506    -0.9981493534714101    -0.9981493534714101    (-0.9984368309688985+7.337254843396795e-20j)    -0.9981493534714101    -0.9981493534714101    -0.9981697572693309    0.9253003003003001    -0.008093459312971504    -0.00046693034497912264    -0.3670072511535925    -1.0019157307472506
0.08128661047656094    0.20805002565772865    0.20805002558821645    0.20799434065590114     0.20805002558821648    0.2080500255882165    0.21016483516483508    -0.9981493534714101    -0.9979165693644942    -0.9981493534714101    -0.9981493534714101    (-1.0002190617182334-6.60352935905714e-19j)    -0.9981493534714101    -0.9981493534714101    -0.9981906525214128    0.9374404892697573    0.012607119314436387    0.00980553724456163    -0.35548963597744077    -0.9979165693644942
0.08128661047656094    0.20805002565772865    0.20805002558821645    0.20991735706507128     0.20805002558821648    0.2080500255882165    0.20970695970695954    -0.9981493534714101    -1.004269354838349    -0.9981493534714101    -0.9981493534714101    (-0.9986702008681638+3.6686274216984213e-19j)    -0.9981493534714101    -0.9981493534714101    -0.9982272176985247    0.9352614809931881    -0.0046693034497912525    0.00762652896799238    -0.38054823115798714    -1.004269354838349
0.08128661047656094    0.20805002565772865    0.20805002558821645    0.20861228628295814     0.20805002558821648    0.2080500255882165    0.21508699633699616    -0.9981493534714101    -0.9999969766616554    -0.9981493534714101    -0.9981493534714101    (-1.000171942104465+3.118333308443655e-19j)    -0.9981493534714101    -0.9981493534714101    -0.9981557716558163    0.9319929685783342    -0.0046693034497912525    0.0018677213799164997    -0.36187101735882216    -0.9999969766616554
0.08128661047656094    0.20805002565772865    0.20805002558821645    0.20862984244839589     0.20805002558821648    0.2080500255882165    0.20413614163614158    -0.9981493534714101    -1.0000553403614265    -0.9981493534714101    -0.9981493534714101    (-1.0065858612116263-8.437843069906352e-19j)    -0.9981493534714101    -0.9981493534714101    -0.9981556048163245    0.9417985058228958    0.004980590346444    0.0015564344832637493    -0.3659177470153079    -1.0000553403614265
0.08128661047656094    0.20805002565772865    0.20805002558821645    0.2073554699653201     0.20805002558821648    0.2080500255882165    0.21466727716727696    -0.9981493534714101    -0.9958669946912844    -0.9981493534714101    -0.9981493534714101    (-1.0012879227757248+7.337254843396861e-20j)    -0.9981493534714101    -0.9981493534714101    -0.9981574602242977    0.932304255474987    -0.019455431040796892    0.001089504138284624    -0.3452171683879    -0.9958669946912844
0.08128661047656094    0.20805002565772865    0.20805002558821645    0.2076421329501535     0.20805002558821648    0.2080500255882165    0.20535714285714268    -0.9981493534714101    -0.9968089548829993    -0.9981493534714101    -0.9981493534714101    (-0.9999828335253431-1.1923039120519844e-18j)    -0.9981493534714101    -0.9981493534714101    -0.9981519746482894    0.9212535706438143    -0.01914414414414414    0.00015564344832637455    -0.34490588149124723    -0.9968089548829993
0.08128661047656094    0.20805002565772865    0.20805002558821645    0.20872825595372213     0.20805002558821648    0.2080500255882165    0.21314102564102544    -0.9981493534714101    -1.000053592536907    -0.9981493534714101    -0.9981493534714101    (-1.0016459144457759-1.4674509686793678e-19j)    -0.9981493534714101    -0.9981493534714101    -0.9984243312784262    0.9221874313337726    0.015097414487658388    0.024747308283893647    -0.3582912180473155    -1.000053592536907
0.08128661047656094    0.20805002565772865    0.20805002558821645    0.20783537311907194     0.20805002558821648    0.2080500255882165    0.20268620268620258    -0.9981493534714101    -0.997421128118541    -0.9981493534714101    -0.9981493534714101    (-1.0010185001329877-5.502941132547633e-19j)    -0.9981493534714101    -0.9981493534714101    -0.9981689688142013    0.9469347396176663    0.005136233794770378    -0.006692668278034131    -0.3570460704607045    -0.997421128118541
0.08128661047656094    0.20805002565772865    0.20805002558821645    0.20742048913583205     0.20805002558821648    0.2080500255882165    0.21336996336996322    -0.9981493534714101    -0.9960691758636588    -0.9981493534714101    -0.9981493534714101    (-0.9921416491736763+2.0177450819341316e-19j)    -0.9981493534714101    -0.9981493534714101    -0.9981655590888674    0.9435105837544859    0.011361971727825382    -0.004824946898117631    -0.350197758734344    -0.9960691758636588
0.08128661047656094    0.20805002565772865    0.20805002558821645    0.2083909015719715     0.20805002558821648    0.2080500255882165    0.20421245421245413    -0.9981493534714101    -0.9992698858711347    -0.9981493534714101    -0.9981493534714101    (-1.003323443430534+7.520686214481749e-19j)    -0.9981493534714101    -0.9981493534714101    -0.9981515498543834    0.9218761444371198    -0.022568300007324394    0.0009338606899582467    -0.35502270563246163    -0.9992698858711347
0.08128661047656094    0.20805002565772865    0.20805002558821645    0.2076770308486069     0.20805002558821648    0.2080500255882165    0.2023046398046397    -0.9981493534714101    -0.9969117779957122    -0.9981493534714101    -0.9981493534714101    (-0.9963998823116085+3.4851960506134963e-19j)    -0.9981493534714101    -0.9981493534714101    -0.9981614004809058    0.9463121658243607    -0.0023346517248956263    -0.004824946898117626    -0.35471141873580886    -0.9969117779957122
0.08128661047656094    0.20805002565772865    0.20805002558821645    0.2089616184844813     0.20805002558821648    0.2080500255882165    0.20734126984126972    -0.9981493534714101    -1.0011046575356521    -0.9981493534714101    -0.9981493534714101    (-1.0048144000071353-3.668627421698413e-20j)    -0.9981493534714101    -0.9981493534714101    -0.9981983107714638    0.9296583168534386    -0.0035797993115066285    0.009182963451256132    -0.36545081667032875    -1.0011046575356521
0.08128661047656094    0.20805002565772865    0.20805002558821645    0.20760037906718332     0.20805002558821648    0.2080500255882165    0.21077533577533564    -0.9981493534714101    -0.9964386231205525    -0.9981493534714101    -0.9981493534714101    (-0.9946639291239752-5.502941132547634e-20j)    -0.9981493534714101    -0.9981493534714101    -0.9983474822459875    0.9352614809931881    0.005603164139749504    0.021167508972387016    -0.34864132425108024    -0.9964386231205525
0.08128661047656094    0.20805002565772865    0.20805002558821645    0.20827687605401493     0.20805002558821648    0.2080500255882165    0.19925213675213665    -0.9981493534714101    -0.9988948314242104    -0.9981493534714101    -0.9981493534714101    (-0.9869547392828171-1.1005882265095356e-19j)    -0.9981493534714101    -0.9981493534714101    -0.9981505313289085    0.9343276203032298    -0.01618691862594301    0.0009338606899582511    -0.3582912180473155    -0.9988948314242104
0.08128661047656094    0.20805002565772865    0.20805002558821645    0.20705038058821507     0.20805002558821648    0.2080500255882165    0.2091346153846152    -0.9981493534714101    -0.994800622458084    -0.9981493534714101    -0.9981493534714101    (-0.997730179488808-5.502941132547607e-20j)    -0.9981493534714101    -0.9981493534714101    -0.9982205830260593    0.9330824727166188    -0.013696623452721013    0.011206328279499005    -0.34117043873141434    -0.994800622458084
0.08128661047656094    0.20805002565772865    0.20805002558821645    0.20791646423985974     0.20805002558821648    0.2080500255882165    0.2083333333333332    -0.9981493534714101    -0.9977052163650001    -0.9981493534714101    -0.9981493534714101    (-1.0003198071240167+6.053235245802384e-19j)    -0.9981493534714101    -0.9981493534714101    -0.9981538827647052    0.927790595473522    0.010428111037867135    0.003112868966527504    -0.3509759759759759    -0.9977052163650001
0.08128661047656094    0.20805002565772865    0.20805002558821645    0.20785138781192974     0.20805002558821648    0.2080500255882165    0.21020299145299126    -0.9981493534714101    -0.997492339104443    -0.9981493534714101    -0.9981493534714101    (-0.9985326434511093-2.9349019373587265e-19j)    -0.9981493534714101    -0.9981493534714101    -0.9981534049016907    0.9296583168534386    -0.00933860689958251    -0.0028015820698747565    -0.3508203325276495    -0.997492339104443
0.08128661047656094    0.20805002565772865    0.20805002558821645    0.20842961322952552     0.20805002558821648    0.2080500255882165    0.20257173382173374    -0.9981493534714101    -0.9993973922332438    -0.9981493534714101    -0.9981493534714101    (-1.0018403822432704+4.2189215349531734e-19j)    -0.9981493534714101    -0.9981493534714101    -0.9981518589982812    0.9358840547864936    0.018677213799165017    -0.000778217241631875    -0.36093715666886395    -0.9993973922332438
0.08128661047656094    0.20805002565772865    0.20805002558821645    0.2082398037960808     0.20805002558821648    0.2080500255882165    0.2013888888888888    -0.9981493534714101    -0.998678196577507    -0.9981493534714101    -0.9981493534714101    (-1.0053351354826463+4.58578427712302e-19j)    -0.9981493534714101    -0.9981493534714101    -0.9982285097355676    0.924833369955321    -0.007315242071339632    -0.01338533655606826    -0.35377755804585065    -0.998678196577507
0.08128661047656094    0.20805002565772865    0.20805002558821645    0.208592401633765     0.20805002558821648    0.2080500255882165    0.20566239316239307    -0.9981493534714101    -0.999932721670805    -0.9981493534714101    -0.9981493534714101    (-0.9935324137583184+9.171568554246043e-19j)    -0.9981493534714101    -0.9981493534714101    -0.9981544572807795    0.9206309968505089    -0.007937815864645132    -0.001089504138284626    -0.3572017139090309    -0.9999327216708049
0.08128661047656094    0.20805002565772865    0.20805002558821645    0.2081046267009766     0.20805002558821648    0.2080500255882165    0.20272435897435884    -0.9981493534714101    -0.9983084986064168    -0.9981493534714101    -0.9981493534714101    (-1.0024016763043222+0j)    -0.9981493534714101    -0.9981493534714101    -0.9981662553047224    0.9299696037500913    -0.002490295173222002    0.006225737933055005    -0.3542444883908298    -0.9983084986064168
0.08128661047656094    0.20805002565772865    0.20805002558821645    0.20672414020086277     0.20805002558821648    0.2080500255882165    0.20661630036630024    -0.9981493534714101    -0.9937657935357327    -0.9981493534714101    -0.9981493534714101    (-0.9893104752890163-7.153823472311898e-19j)    -0.9981493534714101    -0.9981493534714101    -0.9982030909666091    0.9313703947850287    0.012607119314436383    -0.00762652896799238    -0.3363454918332967    -0.9937657935357327
0.08128661047656094    0.20805002565772865    0.20805002558821645    0.20815002968154378     0.20805002558821648    0.2080500255882165    0.20390720390720374    -0.9981493534714101    -0.9984606486124713    -0.9981493534714101    -0.9981493534714101    (-1.002645585506487+3.301764679528576e-19j)    -0.9981493534714101    -0.9981493534714101    -0.998163980437738    0.9279462389218485    -0.004046729656485751    0.005758807588075877    -0.35408884494250337    -0.9984606486124713
0.08128661047656094    0.20805002565772865    0.20805002558821645    0.20797560950508978     0.20805002558821648    0.2080500255882165    0.20802808302808284    -0.9981493534714101    -0.997837010724011    -0.9981493534714101    -0.9981493534714101    (-1.000787437243736-2.5680391951888803e-19j)    -0.9981493534714101    -0.9981493534714101    -0.9982056342643515    0.9309034644400496    -0.0048249468981176255    0.011361971727825382    -0.352688053907566    -0.997837010724011
0.08128661047656094    0.20805002565772865    0.20805002558821645    0.2077844138294852     0.20805002558821648    0.2080500255882165    0.2112332112332111    -0.9981493534714101    -0.9972763834231995    -0.9981493534714101    -0.9981493534714101    (-0.9960611955750309-3.8520587927833377e-19j)    -0.9981493534714101    -0.9981493534714101    -0.9981504694826302    0.9427323665128541    0.006070094484728624    -0.00015564344832637352    -0.3548670621841353    -0.9972763834231995
0.08128661047656094    0.20805002565772865    0.20805002558821645    0.2088529353578882     0.20805002558821648    0.2080500255882165    0.20493742368742357    -0.9981493534714101    -1.0006822025473183    -0.9981493534714101    -0.9981493534714101    (-1.0038125493497214+4.585784277123026e-19j)    -0.9981493534714101    -0.9981493534714101    -0.998248230301527    0.954716912033985    -0.0020233648282428737    -0.014786127591005636    -0.37354427598330026    -1.0006822025473183
0.08128661047656094    0.20805002565772865    0.20805002558821645    0.20716663641624755     0.20805002558821648    0.2080500255882165    0.2089438339438338    -0.9981493534714101    -0.9949491121777229    -0.9981493534714101    -0.9981493534714101    (-0.9970118856793702-2.3846078241039716e-19j)    -0.9981493534714101    -0.9981493534714101    -0.9984134208479709    0.9242107961620155    0.00731524207133963    0.023657804145609022    -0.33852450010986584    -0.9949491121777229
0.08128661047656094    0.20805002565772865    0.20805002558821645    0.20822905769287764     0.20805002558821648    0.2080500255882165    0.2064255189255188    -0.9981493534714101    -0.9987358586977897    -0.9981493534714101    -0.9981493534714101    (-1.002072694740272+7.520686214481739e-19j)    -0.9981493534714101    -0.9981493534714101    -0.9981516391785108    0.9274793085768693    0.0032685124148538816    0.0020233648282428768    -0.3550227056324617    -0.9987358586977897
0.08128661047656094    0.20805002565772865    0.20805002558821645    0.2082827702400068     0.20805002558821648    0.2080500255882165    0.20302960927960917    -0.9981493534714101    -0.9988012426758058    -0.9981493534714101    -0.9981493534714101    (-0.9937453276013879+7.887548956651585e-19j)    -0.9981493534714101    -0.9981493534714101    -0.998243809334106    0.9357284113381672    0.01011682414121438    -0.014786127591005638    -0.35844686149564187    -0.9988012426758058
0.08128661047656094    0.20805002565772865    0.20805002558821645    0.207027099530723     0.20805002558821648    0.2080500255882165    0.207379426129426    -0.9981493534714101    -0.9945144520723778    -0.9981493534714101    -0.9981493534714101    (-0.9956015457988112+4.952647019292867e-19j)    -0.9981493534714101    -0.9981493534714101    -0.9983986667811968    0.9371292023731046    0.011050684831172636    -0.02303523035230352    -0.341481725628067    -0.9945144520723778
0.08128661047656094    0.20805002565772865    0.20805002558821645    0.20730609299885472     0.20805002558821648    0.2080500255882165    0.21523962148962134    -0.9981493534714101    -0.9956666515812983    -0.9981493534714101    -0.9981493534714101    (-0.9991489736803045-4.2189215349531796e-19j)    -0.9981493534714101    -0.9981493534714101    -0.9981907119303357    0.9433549403061596    -0.0040467296564857536    -0.008716033106277008    -0.34848568080275394    -0.9956666515812983
0.08128661047656094    0.20805002565772865    0.20805002558821645    0.2088282937641377     0.20805002558821648    0.2080500255882165    0.20188492063492056    -0.9981493534714101    -1.000688633863534    -0.9981493534714101    -0.9981493534714101    (-1.003564803528497+3.1183333084436597e-19j)    -0.9981493534714101    -0.9981493534714101    -0.9981761098546198    0.9327711858199661    -0.013696623452721008    0.0063813813813813815    -0.36498388632534967    -1.000688633863534
0.08128661047656094    0.20805002565772865    0.20805002558821645    0.20801169573181588     0.20805002558821648    0.2080500255882165    0.20879120879120863    -0.9981493534714101    -0.9980214966594634    -0.9981493534714101    -0.9981493534714101    (-1.0040501033420446+6.23666661688731e-19j)    -0.9981493534714101    -0.9981493534714101    -0.9981509131469526    0.924833369955321    -0.007937815864645129    0.0018677213799164997    -0.35113161942430227    -0.9980214966594634
0.08128661047656094    0.20805002565772865    0.20805002558821645    0.20842039359424144     0.20805002558821648    0.2080500255882165    0.20974511599511586    -0.9981493534714101    -0.9993424965565317    -0.9981493534714101    -0.9981493534714101    (-0.9976870411959782+7.704117585566671e-19j)    -0.9981493534714101    -0.9981493534714101    -0.9981719663156994    0.9461565223760343    0.0028015820698747483    -0.007003955174686881    -0.3646725994286969    -0.9993424965565317
0.08128661047656094    0.20805002565772865    0.20805002558821645    0.20826243978962017     0.20805002558821648    0.2080500255882165    0.20596764346764332    -0.9981493534714101    -0.9988328975827253    -0.9981493534714101    -0.9981493534714101    (-1.0000582694730142+2.568039195188883e-19j)    -0.9981493534714101    -0.9981493534714101    -0.9981623617138391    0.9508258258258256    -0.004358016553138503    0.005447520691423132    -0.3643613125320441    -0.9988328975827253
0.08128661047656094    0.20805002565772865    0.20805002558821645    0.20796593811717512     0.20805002558821648    0.2080500255882165    0.20245726495726485    -0.9981493534714101    -0.9977833797900431    -0.9981493534714101    -0.9981493534714101    (-0.9904349367035452+1.834313710849248e-20j)    -0.9981493534714101    -0.9981493534714101    -0.9982238011576727    0.9425767230645278    -0.008093459312971502    -0.013229693107741887    -0.35689042701237816    -0.9977833797900431
0.08128661047656094    0.20805002565772865    0.20805002558821645    0.20707079935538808     0.20805002558821648    0.2080500255882165    0.21058455433455422    -0.9981493534714101    -0.9949333365838178    -0.9981493534714101    -0.9981493534714101    (-1.0004211706170305-3.668627421698355e-20j)    -0.9981493534714101    -0.9981493534714101    -0.9981644737226274    0.9214092140921407    0.01821028345418589    -0.0001556434483263717    -0.3374349959715812    -0.9949333365838178
0.08128661047656094    0.20805002565772865    0.20805002558821645    0.20782614318037718     0.20805002558821648    0.2080500255882165    0.21161477411477392    -0.9981493534714101    -0.9974130675796383    -0.9981493534714101    -0.9981493534714101    (-1.000916596127614-2.56803919518889e-19j)    -0.9981493534714101    -0.9981493534714101    -0.9981505088488158    0.9441331575477915    -0.010428111037867135    -0.0009338606899582472    -0.3559565663224199    -0.9974130675796383
0.08128661047656094    0.20805002565772865    0.20805002558821645    0.20596383239176796     0.20805002558821648    0.2080500255882165    0.21222527472527458    -0.9981493534714101    -0.9912921537655248    -0.9981493534714101    -0.9981493534714101    (-0.9952545870659955-3.852058792783333e-19j)    -0.9981493534714101    -0.9981493534714101    -0.9982300597930136    0.9480242437559508    -0.002334651724895627    0.005136233794770378    -0.3321431187284845    -0.9912921537655248
0.08128661047656094    0.20805002565772865    0.20805002558821645    0.20851887551327694     0.20805002558821648    0.2080500255882165    0.21142399267399253    -0.9981493534714101    -0.9996350819883792    -0.9981493534714101    -0.9981493534714101    (-0.9993289403480112+1.8343137108491905e-20j)    -0.9981493534714101    -0.9981493534714101    -0.9981990488322019    0.9361953416831463    0.0026459386215483753    -0.010428111037867128    -0.36202666080714857    -0.9996350819883792
0.08128661047656094    0.20805002565772865    0.20805002558821645    0.20903258759558382     0.20805002558821648    0.2080500255882165    0.20264804639804632    -0.9981493534714101    -1.0013754230009044    -0.9981493534714101    -0.9981493534714101    (-1.0086229023355355-7.887548956651591e-19j)    -0.9981493534714101    -0.9981493534714101    -0.9981702129640322    0.9363509851314727    0.010272467589540757    -0.0037354427598330015    -0.36918625943016176    -1.0013754230009044
0.08128661047656094    0.20805002565772865    0.20805002558821645    0.20747368646593045     0.20805002558821648    0.2080500255882165    0.21043192918192904    -0.9981493534714101    -0.9962557527378264    -0.9981493534714101    -0.9981493534714101    (-0.9970609389906357+5.686372503632546e-19j)    -0.9981493534714101    -0.9981493534714101    -0.9981545715769384    0.939775140994653    0.019922361385776015    4.683867737377061e-18    -0.3495751849410385    -0.9962557527378264
0.08128661047656094    0.20805002565772865    0.20805002558821645    0.20801823984638917     0.20805002558821648    0.2080500255882165    0.21020299145299126    -0.9981493534714101    -0.9980410737909716    -0.9981493534714101    -0.9981493534714101    (-0.9953008794441738+8.437843069906365e-19j)    -0.9981493534714101    -0.9981493534714101    -0.9981525097613895    0.9164286237456967    0.011050684831172636    0.0026459386215483766    -0.34801875045777475    -0.9980410737909716
0.08128661047656094    0.20805002565772865    0.20805002558821645    0.20769080471592102     0.20805002558821648    0.2080500255882165    0.20619658119658107    -0.9981493534714101    -0.9969210757486681    -0.9981493534714101    -0.9981493534714101    (-0.9966445583877888+4.0354901638682517e-19j)    -0.9981493534714101    -0.9981493534714101    -0.9981912259964199    0.9416428623745695    -0.0021790082765692515    0.009649893796235256    -0.35299934080421874    -0.9969210757486681
0.08128661047656094    0.20805002565772865    0.20805002558821645    0.20843519078464656     0.20805002558821648    0.2080500255882165    0.20863858363858345    -0.9981493534714101    -0.9994010922438898    -0.9981493534714101    -0.9981493534714101    (-1.0017949072572108+8.254411698821438e-19j)    -0.9981493534714101    -0.9981493534714101    -0.9981639779852278    0.9217205009887934    0.010116824141214382    0.005291877243096753    -0.35548963597744077    -0.9994010922438898
0.08128661047656094    0.20805002565772865    0.20805002558821645    0.2067810130976526     0.20805002558821648    0.2080500255882165    0.2053571428571427    -0.9981493534714101    -0.993975390201371    -0.9981493534714101    -0.9981493534714101    (-1.0042776790435992-7.88754895665159e-19j)    -0.9981493534714101    -0.9981493534714101    -0.9981811121685644    0.9234325789203836    -0.004513660001464877    -0.0037354427598329993    -0.33432212700505376    -0.993975390201371
0.08128661047656094    0.20805002565772865    0.20805002558821645    0.20915918768177855     0.20805002558821648    0.2080500255882165    0.2070360195360194    -0.9981493534714101    -1.0014919501931063    -0.9981493534714101    -0.9981493534714101    (-0.9982284500681642+2.38460782410397e-19j)    -0.9981493534714101    -0.9981493534714101    -0.9984185575487246    0.9319929685783342    0.017120779315901263    -0.024280377938914518    -0.36794111184355077    -1.0014919501931063
0.08128661047656094    0.20805002565772865    0.20805002558821645    0.20731986196979776     0.20805002558821648    0.2080500255882165    0.20940170940170924    -0.9981493534714101    -0.995750674468486    -0.9981493534714101    -0.9981493534714101    (-1.0010145105881572-2.0177450819341323e-19j)    -0.9981493534714101    -0.9981493534714101    -0.9981577801444332    0.9424210796162014    0.002023364828242877    0.00031128689665275164    -0.3484856808027539    -0.995750674468486
0.08128661047656094    0.20805002565772865    0.20805002558821645    0.2092350728089826     0.20805002558821648    0.2080500255882165    0.20955433455433442    -0.9981493534714101    -1.0019421582663732    -0.9981493534714101    -0.9981493534714101    (-0.9985925552710166+1.2840195975944483e-19j)    -0.9981493534714101    -0.9981493534714101    -0.9982583682871731    0.9293470299567859    0.0035797993115066293    -0.01431919724602651    -0.3687193290851826    -1.0019421582663732
0.08128661047656094    0.20805002565772865    0.20805002558821645    0.20700875224335716     0.20805002558821648    0.2080500255882165    0.20894383394383376    -0.9981493534714101    -0.9947294842224655    -0.9981493534714101    -0.9981493534714101    (-0.9915351322408887+3.301764679528573e-19j)    -0.9981493534714101    -0.9981493534714101    -0.9981667025478829    0.953471764447374    -0.010895041382846258    0.0007782172416318728    -0.3483300373544275    -0.9947294842224655
0.08128661047656094    0.20805002565772865    0.20805002558821645    0.20822134988419055     0.20805002558821648    0.2080500255882165    0.2074938949938949    -0.9981493534714101    -0.9985554434728642    -0.9981493534714101    -0.9981493534714101    (-1.001385144922629+4.7692156482079345e-19j)    -0.9981493534714101    -0.9981493534714101    -0.9982797354488862    0.9371292023731046    0.00684831172636051    -0.017432066212554012    -0.3579799311506628    -0.9985554434728642
0.08128661047656094    0.20805002565772865    0.20805002558821645    0.20817640526685144     0.20805002558821648    0.2080500255882165    0.20474664224664213    -0.9981493534714101    -0.9983121603375305    -0.9981493534714101    -0.9981493534714101    (-0.9935835708085716-1.1005882265095278e-19j)    -0.9981493534714101    -0.9981493534714101    -0.998358670937114    0.9307478209917233    0.015719988280963885    0.021945726214018895    -0.3545557752874825    -0.9983121603375303
0.08128661047656094    0.20805002565772865    0.20805002558821645    0.20777284836945903     0.20805002558821648    0.2080500255882165    0.2046321733821733    -0.9981493534714101    -0.9971497738311836    -0.9981493534714101    -0.9981493534714101    (-0.9955908568327538-2.9349019373587347e-19j)    -0.9981493534714101    -0.9981493534714101    -0.9982243743257837    0.9366622720281255    -0.007782172416318759    0.013074049659415509    -0.35206548011426053    -0.9971497738311836
0.08128661047656094    0.20805002565772865    0.20805002558821645    0.20905193195361876     0.20805002558821648    0.2080500255882165    0.2045177045177044    -0.9981493534714101    -1.0014453168560071    -0.9981493534714101    -0.9981493534714101    (-0.9986584232711706+9.171568554246009e-20j)    -0.9981493534714101    -0.9981493534714101    -0.9981657809329494    0.9257672306452792    -0.018988500695817763    -0.0014007910349373783    -0.3652951732220024    -1.0014453168560071
0.08128661047656094    0.20805002565772865    0.20805002558821645    0.2074852846153773     0.20805002558821648    0.2080500255882165    0.21012667887667874    -0.9981493534714101    -0.9962840437246201    -0.9981493534714101    -0.9981493534714101    (-0.9978465396174601+3.852058792783347e-19j)    -0.9981493534714101    -0.9981493534714101    -0.998162561818946    0.9394638540980003    -0.016031275177616634    0.004358016553138501    -0.3495751849410385    -0.9962840437246201
0.08128661047656094    0.20805002565772865    0.20805002558821645    0.20736822140930955     0.20805002558821648    0.2080500255882165    0.20844780219780207    -0.9981493534714101    -0.9959009860583624    -0.9981493534714101    -0.9981493534714101    (-0.9951964602320706+5.319509761462698e-19j)    -0.9981493534714101    -0.9981493534714101    -0.998163786184572    0.9369735589247782    0.004824946898117625    0.0040467296564857536    -0.3470848897678166    -0.9959009860583624
0.08128661047656094    0.20805002565772865    0.20805002558821645    0.20733781658155093     0.20805002558821648    0.2080500255882165    0.20863858363858354    -0.9981493534714101    -0.9956188737832877    -0.9981493534714101    -0.9981493534714101    (-1.0001093058318913+8.437843069906352e-19j)    -0.9981493534714101    -0.9981493534714101    -0.9983175794788322    0.9430436534095069    0.011828902072804506    -0.01929978759247052    -0.3481743939061011    -0.9956188737832877
0.08128661047656094    0.20805002565772865    0.20805002558821645    0.2085042718052951     0.20805002558821648    0.2080500255882165    0.20219017094017083    -0.9981493534714101    -0.9995508865073102    -0.9981493534714101    -0.9981493534714101    (-0.9896654952780866-2.0177450819341316e-19j)    -0.9981493534714101    -0.9981493534714101    -0.9982285622982809    0.9270123782318902    0.008560389657950628    -0.013229693107741887    -0.35813557459898915    -0.9995508865073102
0.08128661047656094    0.20805002565772865    0.20805002558821645    0.20868921790521017     0.20805002558821648    0.2080500255882165    0.20383089133089122    -0.9981493534714101    -1.0002117708039244    -0.9981493534714101    -0.9981493534714101    (-0.9936921721049599+7.337254843396826e-19j)    -0.9981493534714101    -0.9981493534714101    -0.9981886684857211    0.9089577382260307    -0.006225737933055003    0.008560389657950635    -0.35377755804585065    -1.0002117708039244
0.08128661047656094    0.20805002565772865    0.20805002558821645    0.2074071611726423     0.20805002558821648    0.2080500255882165    0.21367521367521353    -0.9981493534714101    -0.9960166875268768    -0.9981493534714101    -0.9981493534714101    (-1.000209408522267+1.2840195975944387e-19j)    -0.9981493534714101    -0.9981493534714101    -0.9981731470980124    0.9478686003076245    0.0006225737933054974    -0.0063813813813813815    -0.3515985497692814    -0.9960166875268768
0.08128661047656094    0.20805002565772865    0.20805002558821645    0.20800199505296957     0.20805002558821648    0.2080500255882165    0.20840964590964578    -0.9981493534714101    -0.9979732195613557    -0.9981493534714101    -0.9981493534714101    (-0.99396605642404+4.69094428671626e-34j)    -0.9981493534714101    -0.9981493534714101    -0.9981645173429292    0.933549403061598    0.007937815864645129    0.0059144510364022495    -0.3542444883908298    -0.9979732195613557
0.08128661047656094    0.20805002565772865    0.20805002558821645    0.20909372386589417     0.20805002558821648    0.2080500255882165    0.21207264957264943    -0.9981493534714101    -1.0015229265894354    -0.9981493534714101    -0.9981493534714101    (-0.9941734821255597-6.053235245802378e-19j)    -0.9981493534714101    -0.9981493534714101    -0.9982159310989667    0.9383743499597156    -0.003268512414853877    0.010895041382846258    -0.37058705046509915    -1.0015229265894354
0.08128661047656094    0.20805002565772865    0.20805002558821645    0.2081389538690497     0.20805002558821648    0.2080500255882165    0.20169413919413903    -0.9981493534714101    -0.9984417280665953    -0.9981493534714101    -0.9981493534714101    (-0.9987367783411758+4.0354901638682546e-19j)    -0.9981493534714101    -0.9981493534714101    -0.9981494770835024    0.9187632754705923    0.006848311726360507    4.358599144503654e-18    -0.3505090456309968    -0.9984417280665953
0.08128661047656094    0.20805002565772865    0.20805002558821645    0.20843873396122958     0.20805002558821648    0.2080500255882165    0.20585317460317448    -0.9981493534714101    -0.9994082943121987    -0.9981493534714101    -0.9981493534714101    (-0.9985568195198942+4.2189215349531714e-19j)    -0.9981493534714101    -0.9981493534714101    -0.9981676850168535    0.9281018823701749    -0.019299787592470512    0.006070094484728629    -0.3579799311506628    -0.9994082943121987
0.08128661047656094    0.20805002565772865    0.20805002558821645    0.20731166888609487     0.20805002558821648    0.2080500255882165    0.21047008547008528    -0.9981493534714101    -0.9956937803034507    -0.9981493534714101    -0.9981493534714101    (-0.9982469110160672+1.467450968679359e-19j)    -0.9981493534714101    -0.9981493534714101    -0.998183165057926    0.9388412803046947    0.004513660001464874    0.007626528967992382    -0.3469292463194901    -0.9956937803034507
0.08128661047656094    0.20805002565772865    0.20805002558821645    0.2086816837795869     0.20805002558821648    0.2080500255882165    0.20539529914529903    -0.9981493534714101    -1.0002243933031223    -0.9981493534714101    -0.9981493534714101    (-0.9968562315187541-1.8343137108492114e-19j)    -0.9981493534714101    -0.9981493534714101    -0.9981578721024187    0.9368179154764519    -0.018677213799165017    0.002334651724895625    -0.3646725994286969    -1.0002243933031223
0.08128661047656094    0.20805002565772865    0.20805002558821645    0.20964281894271336     0.20805002558821648    0.2080500255882165    0.21142399267399256    -0.9981493534714101    -1.0033913702613548    -0.9981493534714101    -0.9981493534714101    (-0.9985808106554415+3.118333308443648e-19j)    -0.9981493534714101    -0.9981493534714101    -0.9981905446869586    0.9344832637515562    0.0006225737933055039    -0.002179008276569252    -0.37665714494982777    -1.0033913702613548
0.08128661047656094    0.20805002565772865    0.20805002558821645    0.20853857378191032     0.20805002558821648    0.2080500255882165    0.21333180708180696    -0.9981493534714101    -0.9997554317120056    -0.9981493534714101    -0.9981493534714101    (-0.996495375792696+1.6508823397642873e-19j)    -0.9981493534714101    -0.9981493534714101    -0.9981537194674057    0.9453783051344025    0.004046729656485752    0.0012451475866110007    -0.3660733904636343    -0.9997554317120056
0.08128661047656094    0.20805002565772865    0.20805002558821645    0.20704265692886326     0.20805002558821648    0.2080500255882165    0.2056242368742368    -0.9981493534714101    -0.9946604014633581    -0.9981493534714101    -0.9981493534714101    (-0.9963582422380324-2.9349019373587255e-19j)    -0.9981493534714101    -0.9981493534714101    -0.9983178729763937    0.9461565223760343    0.0006225737933055056    -0.018832857247491386    -0.34537281183622637    -0.9946604014633581
0.08128661047656094    0.20805002565772865    0.20805002558821645    0.2080087989613769     0.20805002558821648    0.2080500255882165    0.21211080586080572    -0.9981493534714101    -0.998003522159906    -0.9981493534714101    -0.9981493534714101    (-0.9985155515049946+2.9349019373587303e-19j)    -0.9981493534714101    -0.9981493534714101    -0.9981579248084518    0.9151834761590857    -0.0028015820698747505    -0.0043580165531384996    -0.34739617666446926    -0.998003522159906
0.08128661047656094    0.20805002565772865    0.20805002558821645    0.20637618401669847     0.20805002558821648    0.2080500255882165    0.20753205128205116    -0.9981493534714101    -0.9926219012575095    -0.9981493534714101    -0.9981493534714101    (-0.9920014471278078-2.9349019373587303e-19j)    -0.9981493534714101    -0.9981493534714101    -0.9982228406187059    0.9369735589247782    0.00824910276129788    0.008093459312971502    -0.33369955321174827    -0.9926219012575095
0.08128661047656094    0.20805002565772865    0.20805002558821645    0.20755260852861201     0.20805002558821648    0.2080500255882165    0.20535714285714268    -0.9981493534714101    -0.996503737683105    -0.9981493534714101    -0.9981493534714101    (-0.9996337808652387+1.2840195975944416e-19j)    -0.9981493534714101    -0.9981493534714101    -0.9981625929378088    0.9416428623745695    0.019922361385776015    -0.0046693034497912525    -0.3512872628726286    -0.996503737683105
0.08128661047656094    0.20805002565772865    0.20805002558821645    0.20746101018900226     0.20805002558821648    0.2080500255882165    0.20993589743589725    -0.9981493534714101    -0.9961297594165615    -0.9981493534714101    -0.9981493534714101    (-1.0064445219396418+1.100588226509522e-19j)    -0.9981493534714101    -0.9981493534714101    -0.9982254811964579    0.9260785175419319    -0.0062257379330550025    -0.012607119314436385    -0.343972020801289    -0.9961297594165615
0.08128661047656094    0.20805002565772865    0.20805002558821645    0.2070956237270417     0.20805002558821648    0.2080500255882165    0.21546855921855912    -0.9981493534714101    -0.9949797743416552    -0.9981493534714101    -0.9981493534714101    (-0.9932927219645977+2.56803919518889e-19j)    -0.9981493534714101    -0.9981493534714101    -0.9981932375772125    0.9408646451329377    0.02101186552406064    0.00824910276129788    -0.3447502380429209    -0.9949797743416552
0.08128661047656094    0.20805002565772865    0.20805002558821645    0.2090179676494478     0.20805002558821648    0.2080500255882165    0.2089438339438338    -0.9981493534714101    -1.0013199605629755    -0.9981493534714101    -0.9981493534714101    (-0.9971704182994148-3.301764679528574e-19j)    -0.9981493534714101    -0.9981493534714101    -0.998175721884272    0.9349501940965355    0.004980590346444003    0.005291877243096753    -0.3684080421885299    -1.0013199605629755
0.08128661047656094    0.20805002565772865    0.20805002558821645    0.20827154607379073     0.20805002558821648    0.2080500255882165    0.2097069597069596    -0.9981493534714101    -0.9988756464402493    -0.9981493534714101    -0.9981493534714101    (-1.0066137424012536+1.8343137108492145e-19j)    -0.9981493534714101    -0.9981493534714101    -0.9981518596984231    0.9389969237530211    0.013852266901047388    0.0020233648282428737    -0.3600032959789056    -0.9988756464402493
0.08128661047656094    0.20805002565772865    0.20805002558821645    0.20770574645598172     0.20805002558821648    0.2080500255882165    0.2113858363858362    -0.9981493534714101    -0.9970164117170252    -0.9981493534714101    -0.9981493534714101    (-0.999441080689889-1.284019597594445e-19j)    -0.9981493534714101    -0.9981493534714101    -0.9981524842386087    0.9347945506482089    0.0018677213799165049    0.0017120779315901256    -0.3508203325276495    -0.9970164117170252
0.08128661047656094    0.20805002565772865    0.20805002558821645    0.2076732386861298     0.20805002558821648    0.2080500255882165    0.21211080586080577    -0.9981493534714101    -0.9969020744606261    -0.9981493534714101    -0.9981493534714101    (-1.0004976219208723-2.0177450819341393e-19j)    -0.9981493534714101    -0.9981493534714101    -0.9981591485081551    0.941020288581264    -0.011828902072804511    -0.0042023731048121266    -0.352688053907566    -0.9969020744606261
0.08128661047656094    0.20805002565772865    0.20805002558821645    0.20924645618043525     0.20805002558821648    0.2080500255882165    0.21382783882783865    -0.9981493534714101    -1.0020826773844649    -0.9981493534714101    -0.9981493534714101    (-1.0057606681781652-4.402352906038103e-19j)    -0.9981493534714101    -0.9981493534714101    -0.9981752350004978    0.9326155423716397    0.00575880758807588    0.0029572255182011226    -0.37058705046509915    -1.0020826773844649
0.08128661047656094    0.20805002565772865    0.20805002558821645    0.2079019008189876     0.20805002558821648    0.2080500255882165    0.2122634310134309    -0.9981493534714101    -0.9976560365759187    -0.9981493534714101    -0.9981493534714101    (-0.9960811466911432+7.52068621448175e-19j)    -0.9981493534714101    -0.9981493534714101    -0.9981550418653065    0.9102028858126417    -0.00731524207133963    -0.003424155863180248    -0.3441276642496154    -0.9976560365759187
0.08128661047656094    0.20805002565772865    0.20805002558821645    0.20835964358347717     0.20805002558821648    0.2080500255882165    0.20779914529914523    -0.9981493534714101    -0.9991446787977205    -0.9981493534714101    -0.9981493534714101    (-0.9988002092057073+7.337254843396752e-20j)    -0.9981493534714101    -0.9981493534714101    -0.9981696721180882    0.9215648575404671    -0.0024902951732220053    0.006537024829707752    -0.35440013183915614    -0.9991446787977205
0.08128661047656094    0.20805002565772865    0.20805002558821645    0.20862431023156808     0.20805002558821648    0.2080500255882165    0.209630647130647    -0.9981493534714101    -0.9997705200156118    -0.9981493534714101    -0.9981493534714101    (-0.9986965471852691-7.153823472311897e-19j)    -0.9981493534714101    -0.9981493534714101    -0.9983742887613642    0.9355727678898409    0.007782172416318757    -0.022723943455650767    -0.3623379477038013    -0.9997705200156118
0.08128661047656094    0.20805002565772865    0.20805002558821645    0.20866177633925737     0.20805002558821648    0.2080500255882165    0.20467032967032958    -0.9981493534714101    -1.0000037006805376    -0.9981493534714101    -0.9981493534714101    (-0.9965259039894672-5.686372503632539e-19j)    -0.9981493534714101    -0.9981493534714101    -0.998284683941498    0.9343276203032298    -0.006848311726360504    0.017432066212554012    -0.36280487804878037    -1.0000037006805376
0.08128661047656094    0.20805002565772865    0.20805002558821645    0.2082944195782192     0.20805002558821648    0.2080500255882165    0.21241605616605605    -0.9981493534714101    -0.9989468312652192    -0.9981493534714101    -0.9981493534714101    (-0.9984767892190933+9.721862667500796e-19j)    -0.9981493534714101    -0.9981493534714101    -0.9981553622870256    0.9301252471984177    -0.003268512414853878    -0.00342415586318025    -0.35689042701237816    -0.9989468312652192
0.08128661047656094    0.20805002565772865    0.20805002558821645    0.20881946087472303     0.20805002558821648    0.2080500255882165    0.20783730158730146    -0.9981493534714101    -1.0006666134085966    -0.9981493534714101    -0.9981493534714101    (-0.9938145704511032+4.035490163868249e-19j)    -0.9981493534714101    -0.9981493534714101    -0.9981701309677453    0.919074562367245    0.004202373104812129    0.0051362337947703784    -0.3595363656339265    -1.0006666134085966
0.08128661047656094    0.20805002565772865    0.20805002558821645    0.20890409190390036     0.20805002558821648    0.2080500255882165    0.2064255189255188    -0.9981493534714101    -1.000937756226449    -0.9981493534714101    -0.9981493534714101    (-0.9880615248636686+6.970392101226986e-19j)    -0.9981493534714101    -0.9981493534714101    -0.9981783817231662    0.9226543616787517    0.0007782172416318739    0.006381381381381381    -0.3620266608071485    -1.000937756226449
0.08128661047656094    0.20805002565772865    0.20805002558821645    0.2078224854291567     0.20805002558821648    0.2080500255882165    0.21043192918192902    -0.9981493534714101    -0.9972046347228635    -0.9981493534714101    -0.9981493534714101    (-0.9979722441301211+1.1189313636180167e-18j)    -0.9981493534714101    -0.9981493534714101    -0.9983140497302296    0.927790595473522    -0.008093459312971505    0.019299787592470512    -0.348952611147733    -0.9972046347228635
0.08128661047656094    0.20805002565772865    0.20805002558821645    0.20805986546697083     0.20805002558821648    0.2080500255882165    0.20627289377289362    -0.9981493534714101    -0.998181702052678    -0.9981493534714101    -0.9981493534714101    (-1.0043460411251273-1.1005882265095228e-19j)    -0.9981493534714101    -0.9981493534714101    -0.9981493549857345    0.9133157547791692    0.01229583241778363    -3.1225784915847072e-18    -0.34739617666446926    -0.998181702052678
0.08128661047656094    0.20805002565772865    0.20805002558821645    0.20803166847754662     0.20805002558821648    0.2080500255882165    0.20528083028083016    -0.9981493534714101    -0.9980889576567834    -0.9981493534714101    -0.9981493534714101    (-0.9965177571931481+1.1005882265095256e-18j)    -0.9981493534714101    -0.9981493534714101    -0.998149398977696    0.9523822603090893    -0.007159598623013258    -0.00031128689665274747    -0.36187101735882216    -0.9980889576567834
0.08128661047656094    0.20805002565772865    0.20805002558821645    0.20942405727953814     0.20805002558821648    0.2080500255882165    0.20974511599511586    -0.9981493534714101    -1.0026725651671253    -0.9981493534714101    -0.9981493534714101    (-0.9966930115721451+2.934901937358734e-19j)    -0.9981493534714101    -0.9981493534714101    -0.998178581111969    0.9301252471984177    -0.004824946898117627    -5.984942108870689e-18    -0.3719878415000365    -1.0026725651671253
0.08128661047656094    0.20805002565772865    0.20805002558821645    0.2080551654874162     0.20805002558821648    0.2080500255882165    0.2102793040293039    -0.9981493534714101    -0.998166237829796    -0.9981493534714101    -0.9981493534714101    (-0.997771847787142+4.769215648207935e-19j)    -0.9981493534714101    -0.9981493534714101    -0.9981493646292257    0.9212535706438143    -0.005447520691423129    0.00015564344832637455    -0.35035340218267036    -0.998166237829796
0.08128661047656094    0.20805002565772865    0.20805002558821645    0.20849161945656852     0.20805002558821648    0.2080500255882165    0.2060821123321122    -0.9981493534714101    -0.9995805068762119    -0.9981493534714101    -0.9981493534714101    (-0.9977015753071838+6.420097987972221e-19j)    -0.9981493534714101    -0.9981493534714101    -0.998169824540357    0.933549403061598    -0.014474840694352887    -0.006381381381381376    -0.36078151322053753    -0.9995805068762119
0.08128661047656094    0.20805002565772865    0.20805002558821645    0.20808088375244876     0.20805002558821648    0.2080500255882165    0.21047008547008533    -0.9981493534714101    -0.9981179827799744    -0.9981493534714101    -0.9981493534714101    (-0.9960312114871999+8.988137183161124e-19j)    -0.9981493534714101    -0.9981493534714101    -0.9982593938103486    0.9287244561634803    -0.008716033106277004    0.01587563172929026    -0.35299934080421874    -0.9981179827799744
0.08128661047656094    0.20805002565772865    0.20805002558821645    0.20835080687575566     0.20805002558821648    0.2080500255882165    0.20558608058608047    -0.9981493534714101    -0.9990713234967402    -0.9981493534714101    -0.9981493534714101    (-0.993767951767782-4.58578427712302e-19j)    -0.9981493534714101    -0.9981493534714101    -0.9982060921326275    0.9344832637515562    0.00015564344832637338    -0.011361971727825382    -0.3590694352889474    -0.9990713234967402
0.08128661047656094    0.20805002565772865    0.20805002558821645    0.20798109221019262     0.20805002558821648    0.2080500255882165    0.2058150183150182    -0.9981493534714101    -0.997788533191584    -0.9981493534714101    -0.9981493534714101    (-0.9956270986484497+4.952647019292876e-19j)    -0.9981493534714101    -0.9981493534714101    -0.9982608174049346    0.9421097927195486    -0.004824946898117627    0.016186918625943018    -0.35673478356405175    -0.997788533191584
0.08128661047656094    0.20805002565772865    0.20805002558821645    0.2077382532993859     0.20805002558821648    0.2080500255882165    0.20707417582417567    -0.9981493534714101    -0.9970416319595929    -0.9981493534714101    -0.9981493534714101    (-1.0037397970624626+2.201176453019054e-19j)    -0.9981493534714101    -0.9981493534714101    -0.9982201378219142    0.9212535706438143    -0.008560389657950631    -0.012451475866110007    -0.3458397421812055    -0.9970416319595929
0.08128661047656094    0.20805002565772865    0.20805002558821645    0.20847542486949178     0.20805002558821648    0.2080500255882165    0.20344932844932828    -0.9981493534714101    -0.9995473970963236    -0.9981493534714101    -0.9981493534714101    (-1.002880376890918-2.7514705662738067e-19j)    -0.9981493534714101    -0.9981493534714101    -0.9981530246665087    0.9282575258185012    -0.009494250347908881    -0.0014007910349373696    -0.3586025049439683    -0.9995473970963236
0.08128661047656094    0.20805002565772865    0.20805002558821645    0.20683748323722245     0.20805002558821648    0.2080500255882165    0.2129120879120878    -0.9981493534714101    -0.9940425358175147    -0.9981493534714101    -0.9981493534714101    (-1.001433268751758-8.437843069906358e-19j)    -0.9981493534714101    -0.9981493534714101    -0.9982789187593006    0.9570515637588807    -0.0015564344832637495    0.01587563172929026    -0.34677360287116377    -0.9940425358175147
0.08128661047656094    0.20805002565772865    0.20805002558821645    0.20823142484204848     0.20805002558821648    0.2080500255882165    0.20974511599511586    -0.9981493534714101    -0.9987445609012534    -0.9981493534714101    -0.9981493534714101    (-1.0022858119837168-6.786960730142068e-19j)    -0.9981493534714101    -0.9981493534714101    -0.9981508948162394    0.9403977147879585    -0.004669303449791254    0.0015564344832637508    -0.3600032959789056    -0.9987445609012534
0.08128661047656094    0.20805002565772865    0.20805002558821645    0.2080776277285515     0.20805002558821648    0.2080500255882165    0.20722680097680085    -0.9981493534714101    -0.9982396467332542    -0.9981493534714101    -0.9981493534714101    (-0.9946416600616586-6.42009798797222e-19j)    -0.9981493534714101    -0.9981493534714101    -0.9981497382783304    0.9380630630630629    0.003268512414853878    -0.0009338606899582513    -0.3570460704607045    -0.9982396467332542
0.08128661047656094    0.20805002565772865    0.20805002558821645    0.2078239984630415     0.20805002558821648    0.2080500255882165    0.2059294871794871    -0.9981493534714101    -0.9973874309592906    -0.9981493534714101    -0.9981493534714101    (-0.9943917861675569-5.869803874717463e-19j)    -0.9981493534714101    -0.9981493534714101    -0.99816598937653    0.9382187065113893    0.0017120779315901245    -0.006070094484728629    -0.35362191459752423    -0.9973874309592906
0.08128661047656094    0.20805002565772865    0.20805002558821645    0.207204600456118     0.20805002558821648    0.2080500255882165    0.2032203907203906    -0.9981493534714101    -0.995346759677555    -0.9981493534714101    -0.9981493534714101    (-0.9869597241076813+4.218921534953177e-19j)    -0.9981493534714101    -0.9981493534714101    -0.9981821864833231    0.9333937596132716    -0.0003112868966527491    0.007003955174686881    -0.3435050904563099    -0.995346759677555
0.08128661047656094    0.20805002565772865    0.20805002558821645    0.20670074483823575     0.20805002558821648    0.2080500255882165    0.21207264957264943    -0.9981493534714101    -0.9937020013002871    -0.9981493534714101    -0.9981493534714101    (-0.9958682890388904-3.6686274216985056e-20j)    -0.9981493534714101    -0.9981493534714101    -0.9981931293581006    0.9502032520325201    0.005758807588075882    0.005914451036402253    -0.3428825166630044    -0.9937020013002871
0.08128661047656094    0.20805002565772865    0.20805002558821645    0.2081932229663569     0.20805002558821648    0.2080500255882165    0.20993589743589733    -0.9981493534714101    -0.9985997889806025    -0.9981493534714101    -0.9981493534714101    (-1.0055238278729552-6.97039210122699e-19j)    -0.9981493534714101    -0.9981493534714101    -0.9981665218311018    0.9525379037574158    0.01556434483263751    0.006381381381381383    -0.3640500256353914    -0.9985997889806025
0.08128661047656094    0.20805002565772865    0.20805002558821645    0.2081035176503861     0.20805002558821648    0.2080500255882165    0.20287698412698402    -0.9981493534714101    -0.9978659360249814    -0.9981493534714101    -0.9981493534714101    (-1.0009827960738542+2.9349019373587303e-19j)    -0.9981493534714101    -0.9981493534714101    -0.9985301387929324    0.9453783051344025    0.0015564344832637526    0.0300391855269904    -0.3582912180473155    -0.9978659360249814
0.08128661047656094    0.20805002565772865    0.20805002558821645    0.20847537220094114     0.20805002558821648    0.2080500255882165    0.21447649572649558    -0.9981493534714101    -0.9995077493274168    -0.9981493534714101    -0.9981493534714101    (-0.992736131634395-7.337254843396814e-20j)    -0.9981493534714101    -0.9981493534714101    -0.9981854790273101    0.9391525672013474    -0.017432066212554016    0.00887167655460338    -0.362649234600454    -0.9995077493274168
0.08128661047656094    0.20805002565772865    0.20805002558821645    0.20790121187980526     0.20805002558821648    0.2080500255882165    0.21554487179487164    -0.9981493534714101    -0.9973261673344761    -0.9981493534714101    -0.9981493534714101    (-0.9926787199460421+3.6686274216984055e-19j)    -0.9981493534714101    -0.9981493534714101    -0.9984275216541774    0.924833369955321    -0.009649893796235256    -0.025058595180546393    -0.3483300373544276    -0.9973261673344761
