HF    CCSD    FCI    CS_CCSD    FCI_CCSD    FCI_CCSDT    Pauli_group_qwc     e_fci    e_cs_ccsd    e_fci_ccsd    fci_rdm_energy    qwc_rdm_energy    ci_sd_rdm_energy    ci_sdt_rdm_energy    cs_sd_rdm_energy    c0    c10    c01    c2    e_proj
-0.041225274210286725    -0.15872465905860345    -0.17520590022292395    -0.1628063197966341     -0.16429354649207978    -0.16152869765081285    -0.16437152287755416    -2.995565425831945    -3.0077075020566184    -2.9955654258319444    -2.99556542583195    (-3.084274823213761+1.1102230246251565e-16j)    -2.9996599854566464    -3.0025232453427133    -3.018083229395069    0.7909350137103565    0.003516569160624032    -0.0027839505854940346    -0.3078463252696293    -3.0077075020566184
-0.041225274210286725    -0.15872465905860345    -0.17520590022292395    -0.16011800869801235     -0.16429354649207978    -0.16152869765081285    -0.19039725349139977    -2.995565425831945    -2.99731041964987    -2.9955654258319444    -2.99556542583195    (-3.081711046758861-4.3288872570474075e-17j)    -2.9996599854566464    -3.0025232453427133    -3.010711202005319    0.8038291006326447    -0.006593567176170062    -0.0013187134352340057    -0.3087254675597853    -2.9973104196498705
-0.041225274210286725    -0.15872465905860345    -0.17520590022292395    -0.15944192656251818     -0.16429354649207978    -0.16152869765081285    -0.20148024299309722    -2.995565425831945    -2.994834607992914    -2.9955654258319444    -2.99556542583195    (-3.3321073573917284-1.971300894703455e-17j)    -2.9996599854566464    -3.0025232453427133    -3.0078233904858678    0.7909350137103565    0.005714424886014043    -0.00849837547150808    -0.3050623746841353    -2.994834607992914
-0.041225274210286725    -0.15872465905860345    -0.17520590022292395    -0.16173997268645662     -0.16429354649207978    -0.16152869765081285    -0.20667346830255406    -2.995565425831945    -2.995615128181494    -2.9955654258319444    -2.99556542583195    (-3.0662676278384247-3.5681840513921195e-18j)    -2.9996599854566464    -3.0025232453427133    -3.007937323040018    0.7928398220056945    0.024176412979290254    0.00659356717617006    -0.281325532849923    -2.995615128181494
-0.041225274210286725    -0.15872465905860345    -0.17520590022292395    -0.16465594666430056     -0.16429354649207978    -0.16152869765081285    -0.16756588074733936    -2.995565425831945    -2.998757478520719    -2.9955654258319444    -2.99556542583195    (-3.361177792184387+2.4444557321567513e-17j)    -2.9996599854566464    -3.0025232453427133    -3.019393840744467    0.8019242923373067    -0.005421377455962032    0.0011721897202080084    -0.31224203672040934    -2.998757478520719
-0.041225274210286725    -0.15872465905860345    -0.17520590022292395    -0.16053016599858644     -0.16429354649207978    -0.16152869765081285    -0.1811567601645215    -2.995565425831945    -2.998851275951873    -2.9955654258319444    -2.99556542583195    (-2.6372745174544345+5.914435468166196e-18j)    -2.9996599854566464    -3.0025232453427133    -3.0190526938825295    0.7925467745756425    0.002783950585494019    0.0026374268704680176    -0.2841094834354171    -2.9988512759518726
-0.041225274210286725    -0.15872465905860345    -0.17520590022292395    -0.16688151749849633     -0.16429354649207978    -0.16152869765081285    -0.18232284922504632    -2.995565425831945    -3.0044156444232843    -2.9955654258319444    -2.99556542583195    (-2.994444903002279-7.78262453922576e-17j)    -2.9996599854566464    -3.0025232453427133    -3.008093109350388    0.8017777686222807    -0.007472709466326068    -0.012601039492236127    -0.3081393726996813    -3.0044156444232843
-0.041225274210286725    -0.15872465905860345    -0.17520590022292395    -0.16965528488430562     -0.16429354649207978    -0.16152869765081285    -0.16961205078320654    -2.995565425831945    -2.9987107635032206    -2.9955654258319444    -2.99556542583195    (-3.1447329773721755-1.5968309783978946e-17j)    -2.9996599854566464    -3.0025232453427133    -3.0183156599602183    0.7786270216481723    0.006740090891196068    0.024615984124368266    -0.30359713753387524    -2.9987107635032206
-0.041225274210286725    -0.15872465905860345    -0.17520590022292395    -0.16918041667185105     -0.16429354649207978    -0.16152869765081285    -0.1909498491809623    -2.995565425831945    -2.9925414661267355    -2.9955654258319444    -2.99556542583195    (-3.230113607723837+2.6883153137795192e-17j)    -2.9996599854566464    -3.0025232453427133    -3.007357117714818    0.8051478140678786    0.0024909031554420304    0.009817088906742093    -0.3242569813525415    -2.9925414661267355
-0.041225274210286725    -0.15872465905860345    -0.17520590022292395    -0.16284727912012711     -0.16429354649207978    -0.16152869765081285    -0.16161246189767656    -2.995565425831945    -3.002815390355331    -2.9955654258319444    -2.99556542583195    (-3.243153575181042-1.8923529577852673e-17j)    -2.9996599854566464    -3.0025232453427133    -3.0242277422525987    0.7808248773735624    -0.013333658067366142    -0.004688758880832043    -0.31136289443025333    -3.002815390355331
-0.041225274210286725    -0.15872465905860345    -0.17520590022292395    -0.16897061620350926     -0.16429354649207978    -0.16152869765081285    -0.1719013784329435    -2.995565425831945    -2.99584837262581    -2.9955654258319444    -2.99556542583195    (-3.0380826326745254+5.275196931953999e-17j)    -2.9996599854566464    -3.0025232453427133    -3.017504610652165    0.7924002508606165    0.007765756896378087    0.013333658067366137    -0.29832228379293924    -2.99584837262581
-0.041225274210286725    -0.15872465905860345    -0.17520590022292395    -0.15895512885639287     -0.16429354649207978    -0.16152869765081285    -0.1728048214999544    -2.995565425831945    -3.002591073432604    -2.9955654258319444    -2.99556542583195    (-3.046756042128184-2.3182455898988165e-17j)    -2.9996599854566464    -3.0025232453427133    -3.025289768121861    0.7885906342699405    -0.003956140305702042    -0.010696231196898111    -0.3368580208447776    -3.002591073432604
-0.041225274210286725    -0.15872465905860345    -0.17520590022292395    -0.15973105826363607     -0.16429354649207978    -0.16152869765081285    -0.14187035772000195    -2.995565425831945    -2.989588152985519    -2.9955654258319444    -2.99556542583195    (-2.920733802924776+2.9569513420551817e-17j)    -2.9996599854566464    -3.0025232453427133    -3.013880101883662    0.8114483338139967    0.007179662036274081    0.00043957114507801035    -0.29846880750796523    -2.989588152985519
-0.041225274210286725    -0.15872465905860345    -0.17520590022292395    -0.16692223802256412     -0.16429354649207978    -0.16152869765081285    -0.20452050632807325    -2.995565425831945    -3.008191757127437    -2.9955654258319444    -2.99556542583195    (-2.671248455220817+1.8609336182347413e-17j)    -2.9996599854566464    -3.0025232453427133    -3.0108451058881585    0.7931328694357466    0.007179662036274065    0.0035165691606240247    -0.3246965524976195    -3.0081917571274372
-0.041225274210286725    -0.15872465905860345    -0.17520590022292395    -0.15713130549966078     -0.16429354649207978    -0.16152869765081285    -0.16843807083460358    -2.995565425831945    -2.994973527714359    -2.9955654258319444    -2.99556542583195    (-3.0239919840611016+3.084720972970372e-18j)    -2.9996599854566464    -3.0025232453427133    -3.0217068485649996    0.8099830966637367    1.1254293313419882e-17    -0.008205328041456088    -0.3166377481711894    -2.9949735277143597
-0.041225274210286725    -0.15872465905860345    -0.17520590022292395    -0.16490597277311425     -0.16429354649207978    -0.16152869765081285    -0.14051606926546195    -2.995565425831945    -2.9882703552553322    -2.9955654258319444    -2.99556542583195    (-2.642184620687323+4.9755144420983835e-17j)    -2.9996599854566464    -3.0025232453427133    -3.027329478161324    0.8030964820575146    0.006153996031092054    0.007033138321248069    -0.3116559418603053    -2.988270355255332
-0.041225274210286725    -0.15872465905860345    -0.17520590022292395    -0.16445216709826346     -0.16429354649207978    -0.16152869765081285    -0.18706219874360555    -2.995565425831945    -2.994287236931987    -2.9955654258319444    -2.99556542583195    (-2.834382333594922+1.096017723820441e-17j)    -2.9996599854566464    -3.0025232453427133    -3.0093984396178683    0.8014847211922286    -0.00820532804145608    0.0029304743005200387    -0.30242494781366724    -2.994287236931987
-0.041225274210286725    -0.15872465905860345    -0.17520590022292395    -0.16932023053965034     -0.16429354649207978    -0.16152869765081285    -0.17708832014377024    -2.995565425831945    -2.9936349787465146    -2.9955654258319444    -2.99556542583195    (-3.0112907172585643-2.310324157004206e-17j)    -2.9996599854566464    -3.0025232453427133    -3.0139599198864255    0.8067595749331646    0.0055679011709880485    -0.011575373487054116    -0.3011062343784332    -2.9936349787465146
-0.041225274210286725    -0.15872465905860345    -0.17520590022292395    -0.16169315447799765     -0.16429354649207978    -0.16152869765081285    -0.1512261955899896    -2.995565425831945    -2.9961641368265495    -2.9955654258319444    -2.99556542583195    (-3.3137875565497747-3.2920804859156075e-17j)    -2.9996599854566464    -3.0025232453427133    -3.033603943309573    0.7906419662803045    -0.002930474300520057    0.006740090891196071    -0.3164912244561634    -2.9961641368265495
-0.041225274210286725    -0.15872465905860345    -0.17520590022292395    -0.16337816874296154     -0.16429354649207978    -0.16152869765081285    -0.20902111302957455    -2.995565425831945    -2.9967976286216356    -2.9955654258319444    -2.99556542583195    (-3.2726828176259675+2.949029909160572e-17j)    -2.9996599854566464    -3.0025232453427133    -3.002949666759619    0.7969424860264226    0.0013187134352340214    -0.0036630928756500323    -0.30403670867895327    -2.996797628621635
-0.041225274210286725    -0.15872465905860345    -0.17520590022292395    -0.166379403663086     -0.16429354649207978    -0.16152869765081285    -0.152973770576525    -2.995565425831945    -2.9914920059504966    -2.9955654258319444    -2.99556542583195    (-2.7964014387859146+3.232869533226967e-17j)    -2.9996599854566464    -3.0025232453427133    -3.0093773171493305    0.8019242923373067    -0.008498375471508092    -0.0024909031554420117    -0.30139928180848524    -2.9914920059504966
-0.041225274210286725    -0.15872465905860345    -0.17520590022292395    -0.16403941187900545     -0.16429354649207978    -0.16152869765081285    -0.16752946354097983    -2.995565425831945    -2.9854471704375016    -2.9955654258319444    -2.99556542583195    (-3.076782766660193-1.900708168380904e-17j)    -2.9996599854566464    -3.0025232453427133    -3.016751236275061    0.7941585354409285    0.0008791422901560179    0.005274853740936038    -0.3109233232851753    -2.9854471704375016
-0.041225274210286725    -0.15872465905860345    -0.17520590022292395    -0.1629491982096834     -0.16429354649207978    -0.16152869765081285    -0.16921703563920093    -2.995565425831945    -2.9971375370047095    -2.9955654258319444    -2.99556542583195    (-2.6541470981766073+1.2828453919065727e-16j)    -2.9996599854566464    -3.0025232453427133    -3.0125615565223143    0.8054408614979307    0.003663092875650037    0.010696231196898108    -0.30418323239397926    -2.9971375370047095
-0.041225274210286725    -0.15872465905860345    -0.17520590022292395    -0.16213441990734725     -0.16429354649207978    -0.16152869765081285    -0.1551558416009561    -2.995565425831945    -2.9964796168064787    -2.9955654258319444    -2.99556542583195    (-2.9336817686427112-2.4837965046018867e-17j)    -2.9996599854566464    -3.0025232453427133    -3.008389181955545    0.8036825769176187    0.0024909031554420273    0.004395711450780039    -0.3126816078654873    -2.9964796168064787
-0.041225274210286725    -0.15872465905860345    -0.17520590022292395    -0.17080496964249572     -0.16429354649207978    -0.16152869765081285    -0.1767437411484965    -2.995565425831945    -3.0026217230213064    -2.9955654258319444    -2.99556542583195    (-2.9747187409026568-3.5486612808997166e-18j)    -2.9996599854566464    -3.0025232453427133    -3.0249721711644826    0.7937189642958505    -0.00644704346114406    0.004542235165806046    -0.3091650387048633    -3.0026217230213064
-0.041225274210286725    -0.15872465905860345    -0.17520590022292395    -0.16503332447078883     -0.16429354649207978    -0.16152869765081285    -0.13657320149263208    -2.995565425831945    -2.993360722453841    -2.9955654258319444    -2.99556542583195    (-2.693228542121285-3.603445331092201e-17j)    -2.9996599854566464    -3.0025232453427133    -3.0196131173030114    0.8071991460782427    0.009230994046638087    0.0010256660051819997    -0.29436614348723716    -2.993360722453841
-0.041225274210286725    -0.15872465905860345    -0.17520590022292395    -0.15976344091321604     -0.16429354649207978    -0.16152869765081285    -0.1577803792290447    -2.995565425831945    -2.9934751940260385    -2.9955654258319444    -2.99556542583195    (-3.0446024368188063-2.192035447640882e-17j)    -2.9996599854566464    -3.0025232453427133    -3.011411292072011    0.7814109722336664    0.001611760865286011    -0.0058609486010400575    -0.28967738460640513    -2.9934751940260385
-0.041225274210286725    -0.15872465905860345    -0.17520590022292395    -0.16720198758424806     -0.16429354649207978    -0.16152869765081285    -0.14429252715287666    -2.995565425831945    -2.994606093055793    -2.9955654258319444    -2.99556542583195    (-2.9767317630302763+1.0408340855860843e-17j)    -2.9996599854566464    -3.0025232453427133    -3.0160498251133436    0.7913745848554345    0.01377322921244414    -0.003076998015546016    -0.3057949932592653    -2.994606093055793
-0.041225274210286725    -0.15872465905860345    -0.17520590022292395    -0.1724725853762069     -0.16429354649207978    -0.16152869765081285    -0.14266420752700337    -2.995565425831945    -3.0023967641044984    -2.9955654258319444    -2.99556542583195    (-2.8303670118210853+2.1281312004281664e-18j)    -2.9996599854566464    -3.0025232453427133    -3.019034219224743    0.7805318299435103    0.002930474300520025    0.008205328041456088    -0.29993404465822526    -3.0023967641044984
-0.041225274210286725    -0.15872465905860345    -0.17520590022292395    -0.1689765942616875     -0.16429354649207978    -0.16152869765081285    -0.1958485869607472    -2.995565425831945    -2.9930760125016906    -2.9955654258319444    -2.99556542583195    (-3.137904675808982-2.1009713777006885e-17j)    -2.9996599854566464    -3.0025232453427133    -3.0142876806399848    0.8001660077569946    -0.004249187735754051    -0.01142884977202811    -0.32235217305720343    -2.9930760125016906
-0.041225274210286725    -0.15872465905860345    -0.17520590022292395    -0.16438036662817257     -0.16429354649207978    -0.16152869765081285    -0.1528018997942616    -2.995565425831945    -2.9952706124411685    -2.9955654258319444    -2.99556542583195    (-2.6226776214504293-6.27655704908099e-17j)    -2.9996599854566464    -3.0025232453427133    -3.0023573207869774    0.7943050591559545    0.017143274658042183    -0.006886614606222079    -0.3116559418603053    -2.995270612441169
-0.041225274210286725    -0.15872465905860345    -0.17520590022292395    -0.16415097844613571     -0.16429354649207978    -0.16152869765081285    -0.15783452191558914    -2.995565425831945    -2.997936815510014    -2.9955654258319444    -2.99556542583195    (-2.801787876294391-5.5038529177860365e-17j)    -2.9996599854566464    -3.0025232453427133    -3.004585108428733    0.8060269563580347    -0.0029304743005200474    0.005714424886014058    -0.3100441809950193    -2.997936815510014
-0.041225274210286725    -0.15872465905860345    -0.17520590022292395    -0.16235664252508636     -0.16429354649207978    -0.16152869765081285    -0.1791567878273155    -2.995565425831945    -2.9962304762905863    -2.9955654258319444    -2.99556542583195    (-2.8021891012275297+3.17768589499261e-17j)    -2.9996599854566464    -3.0025232453427133    -3.021807466891012    0.7978216283165785    0.006886614606222053    0.0008791422901560234    -0.3173703667463194    -2.9962304762905863
-0.041225274210286725    -0.15872465905860345    -0.17520590022292395    -0.16741992147404533     -0.16429354649207978    -0.16152869765081285    -0.15996480749816014    -2.995565425831945    -2.9966979457244465    -2.9955654258319444    -2.99556542583195    (-2.999748505622648+3.5404734559771923e-17j)    -2.9996599854566464    -3.0025232453427133    -3.03273171015209    0.7899093477051745    -0.01011013633679412    -0.005860948601040056    -0.31136289443025333    -2.9966979457244465
-0.041225274210286725    -0.15872465905860345    -0.17520590022292395    -0.16342479942189014     -0.16429354649207978    -0.16152869765081285    -0.1687242746486823    -2.995565425831945    -2.9847669402756702    -2.9955654258319444    -2.99556542583195    (-3.1080040721583098-2.168404344971009e-17j)    -2.9996599854566464    -3.0025232453427133    -3.0051147703111365    0.7894697765600965    0.010696231196898096    0.002490903155442017    -0.30740675412455126    -2.9847669402756702
-0.041225274210286725    -0.15872465905860345    -0.17520590022292395    -0.162047307202394     -0.16429354649207978    -0.16152869765081285    -0.17351560751525338    -2.995565425831945    -2.9996870590703004    -2.9955654258319444    -2.99556542583195    (-3.356443460982752-3.934077244513593e-19j)    -2.9996599854566464    -3.0025232453427133    -3.0229372873591007    0.8007521026170986    0.009377517761664107    -0.00849837547150808    -0.2956848569224712    -2.9996870590703004
-0.041225274210286725    -0.15872465905860345    -0.17520590022292395    -0.1613597672746326     -0.16429354649207978    -0.16152869765081285    -0.18685404548482565    -2.995565425831945    -2.995877824753789    -2.9955654258319444    -2.99556542583195    (-2.941869949763829-3.351158242590289e-17j)    -2.9996599854566464    -3.0025232453427133    -3.0057611839685663    0.8261007053165969    0.014505847787574138    0.015678037507782166    -0.29128914547169116    -2.9958778247537894
-0.041225274210286725    -0.15872465905860345    -0.17520590022292395    -0.1657532429202644     -0.16429354649207978    -0.16152869765081285    -0.1745684919281272    -2.995565425831945    -3.0038516326968066    -2.9955654258319444    -2.99556542583195    (-3.1989003154294675+2.767636128668281e-17j)    -2.9996599854566464    -3.0025232453427133    -3.0264834608941698    0.7978216283165785    -0.0014652371502600033    0.008644899186534081    -0.30345061381884925    -3.003851632696806
-0.041225274210286725    -0.15872465905860345    -0.17520590022292395    -0.1632385745949658     -0.16429354649207978    -0.16152869765081285    -0.17896948405364935    -2.995565425831945    -2.98560896464889    -2.9955654258319444    -2.99556542583195    (-3.0226322953232785+3.469446951953614e-17j)    -2.9996599854566464    -3.0025232453427133    -3.0284159421486425    0.8071991460782427    0.0024909031554420247    0.0001465237150260048    -0.32323131534735944    -2.98560896464889
-0.041225274210286725    -0.15872465905860345    -0.17520590022292395    -0.1606079947393957     -0.16429354649207978    -0.16152869765081285    -0.12555327886231418    -2.995565425831945    -3.0031411470588347    -2.9955654258319444    -2.99556542583195    (-3.109550844765317-8.019201957952407e-17j)    -2.9996599854566464    -3.0025232453427133    -3.029017532912417    0.7822901145238224    0.0002930474300520086    -0.00630051974611806    -0.31326770272559135    -3.0031411470588343
-0.041225274210286725    -0.15872465905860345    -0.17520590022292395    -0.16092261933733745     -0.16429354649207978    -0.16152869765081285    -0.18545652405410856    -2.995565425831945    -2.9971523621836256    -2.9955654258319444    -2.99556542583195    (-2.9216386873413054+4.3288872570474075e-17j)    -2.9996599854566464    -3.0025232453427133    -3.0251688297155317    0.7916676322854865    0.011282326057002074    0.002197855725390021    -0.3057949932592653    -2.9971523621836256
-0.041225274210286725    -0.15872465905860345    -0.17520590022292395    -0.16297076172183167     -0.16429354649207978    -0.16152869765081285    -0.20176815535483722    -2.995565425831945    -3.0070828985804594    -2.9955654258319444    -2.99556542583195    (-3.032773913049268-1.3640144820976143e-17j)    -2.9996599854566464    -3.0025232453427133    -3.06385791547829    0.7780409267880684    0.0043957114507800635    -0.005274853740936052    -0.3116559418603053    -3.00708289858046
-0.041225274210286725    -0.15872465905860345    -0.17520590022292395    -0.1594700458608919     -0.16429354649207978    -0.16152869765081285    -0.15500988718454872    -2.995565425831945    -2.9948572009304373    -2.9955654258319444    -2.99556542583195    (-2.883596118497147+8.83204603777625e-18j)    -2.9996599854566464    -3.0025232453427133    -3.005300065377658    0.8029499583424886    0.016117608652860164    -0.007619233181352065    -0.3057949932592653    -2.9948572009304373
-0.041225274210286725    -0.15872465905860345    -0.17520590022292395    -0.16057295485190337     -0.16429354649207978    -0.16152869765081285    -0.15549892483897937    -2.995565425831945    -2.9998534593283677    -2.9955654258319444    -2.99556542583195    (-3.2623515805667855-1.3167522767578679e-17j)    -2.9996599854566464    -3.0025232453427133    -3.0205430045152912    0.7925467745756425    0.01260103949223613    0.010549707481872117    -0.3148794635908774    -2.9998534593283677
-0.041225274210286725    -0.15872465905860345    -0.17520590022292395    -0.16816639903486735     -0.16429354649207978    -0.16152869765081285    -0.21967780745460688    -2.995565425831945    -3.0028300358362987    -2.9955654258319444    -2.99556542583195    (-2.926052411382397-8.003492288177143e-17j)    -2.9996599854566464    -3.0025232453427133    -3.011967127994338    0.8020708160523327    0.007033138321248082    -0.003076998015546009    -0.31106984700020135    -3.0028300358362987
-0.041225274210286725    -0.15872465905860345    -0.17520590022292395    -0.16523382611545445     -0.16429354649207978    -0.16152869765081285    -0.20250930643239334    -2.995565425831945    -2.989760551599104    -2.9955654258319444    -2.99556542583195    (-2.7608457966937268+3.2328695332269656e-17j)    -2.9996599854566464    -3.0025232453427133    -3.0170830324991575    0.8010451500471506    0.009963612621768104    -0.004542235165806033    -0.31414684501574736    -2.989760551599104
-0.041225274210286725    -0.15872465905860345    -0.17520590022292395    -0.15974459568228108     -0.16429354649207978    -0.16152869765081285    -0.1349534029558582    -2.995565425831945    -2.9942142600017134    -2.9955654258319444    -2.99556542583195    (-2.664002648957471+2.7598478917876285e-17j)    -2.9996599854566464    -3.0025232453427133    -3.0238874990100015    0.7992868654668386    0.007765756896378082    0.012014944632132117    -0.30052013951832923    -2.994214260001714
-0.041225274210286725    -0.15872465905860345    -0.17520590022292395    -0.16454315325532445     -0.16429354649207978    -0.16152869765081285    -0.19496112666080895    -2.995565425831945    -2.993829088422822    -2.9955654258319444    -2.99556542583195    (-3.31044271737456+8.121780997540468e-18j)    -2.9996599854566464    -3.0025232453427133    -3.0301161864168336    0.7924002508606165    0.004395711450780036    0.01641065608291217    -0.29934794979812124    -2.993829088422822
-0.041225274210286725    -0.15872465905860345    -0.17520590022292395    -0.15801934720612987     -0.16429354649207978    -0.16152869765081285    -0.18378462252643468    -2.995565425831945    -3.0022995831390142    -2.9955654258319444    -2.99556542583195    (-3.088735417140155-9.146772217337331e-17j)    -2.9996599854566464    -3.0025232453427133    -3.0233011611611014    0.7926932982906685    -0.016410656082912166    -0.01597108493783417    -0.32264522048725547    -3.0022995831390142
-0.041225274210286725    -0.15872465905860345    -0.17520590022292395    -0.16968254488941859     -0.16429354649207978    -0.16152869765081285    -0.1682878129097287    -2.995565425831945    -2.9967664249048513    -2.9955654258319444    -2.99556542583195    (-3.029149255846928+4.809963527395314e-17j)    -2.9996599854566464    -3.0025232453427133    -3.014173227180682    0.7953307251611366    0.012307992062184109    0.010549707481872105    -0.30037361580330324    -2.996766424904852
-0.041225274210286725    -0.15872465905860345    -0.17520590022292395    -0.16268810435598993     -0.16429354649207978    -0.16152869765081285    -0.16857365247324005    -2.995565425831945    -2.988960046274937    -2.9955654258319444    -2.99556542583195    (-2.994973017513928-1.0282263909616866e-16j)    -2.9996599854566464    -3.0025232453427133    -3.013019506662479    0.8039756243476707    -0.0032235217305720304    -0.02285769954405624    -0.31253508415046133    -2.9889600462749364
-0.041225274210286725    -0.15872465905860345    -0.17520590022292395    -0.16265370995021833     -0.16429354649207978    -0.16152869765081285    -0.17835215321728817    -2.995565425831945    -2.9948517366650766    -2.9955654258319444    -2.99556542583195    (-3.218225083627349-2.988503877619666e-17j)    -2.9996599854566464    -3.0025232453427133    -3.0127160119603476    0.8077852409383467    0.0016117608652860115    0.005421377455962054    -0.31531903473595535    -2.9948517366650766
-0.041225274210286725    -0.15872465905860345    -0.17520590022292395    -0.16115172180592563     -0.16429354649207978    -0.16152869765081285    -0.16771059354919343    -2.995565425831945    -2.9949387870785626    -2.9955654258319444    -2.99556542583195    (-3.372715608632875-4.10815270410998e-17j)    -2.9996599854566464    -3.0025232453427133    -3.0050664735851917    0.8063200037880867    -0.007179662036274087    0.0026374268704680297    -0.2962709517825752    -2.9949387870785626
-0.041225274210286725    -0.15872465905860345    -0.17520590022292395    -0.1660192813622822     -0.16429354649207978    -0.16152869765081285    -0.19195528746308105    -2.995565425831945    -2.998734257774177    -2.9955654258319444    -2.99556542583195    (-3.5681453620332615-4.93604047363929e-17j)    -2.9996599854566464    -3.0025232453427133    -3.0280702784361635    0.7834623042440304    0.004395711450780059    0.000439571145077997    -0.3185425564665274    -2.998734257774177
-0.041225274210286725    -0.15872465905860345    -0.17520590022292395    -0.1559461277323033     -0.16429354649207978    -0.16152869765081285    -0.14915168606213897    -2.995565425831945    -2.982496126351768    -2.9955654258319444    -2.99556542583195    (-3.3824823928605445-5.905981251215754e-17j)    -2.9996599854566464    -3.0025232453427133    -3.0307265118751907    0.8038291006326447    0.011428849772028115    0.005714424886014064    -0.30726023040952527    -2.9824961263517684
-0.041225274210286725    -0.15872465905860345    -0.17520590022292395    -0.166518072996291     -0.16429354649207978    -0.16152869765081285    -0.1824177928964349    -2.995565425831945    -2.99540631430075    -2.9955654258319444    -2.99556542583195    (-2.827012689112671-3.706024370680262e-17j)    -2.9996599854566464    -3.0025232453427133    -3.0159066680496807    0.7910815374253825    -0.010549707481872112    0.004835282595858043    -0.29421961977221117    -2.9954063143007503
-0.041225274210286725    -0.15872465905860345    -0.17520590022292395    -0.16430552415398494     -0.16429354649207978    -0.16152869765081285    -0.18135155109622186    -2.995565425831945    -2.9941595528674796    -2.9955654258319444    -2.99556542583195    (-3.168067254516602+4.1319170027938126e-17j)    -2.9996599854566464    -3.0025232453427133    -3.006745771406674    0.8107157152388668    -0.0063005197461180615    0.013480181782392133    -0.31385379758569537    -2.9941595528674796
-0.041225274210286725    -0.15872465905860345    -0.17520590022292395    -0.16385969968019248     -0.16429354649207978    -0.16152869765081285    -0.19215187866488134    -2.995565425831945    -2.9858896090212634    -2.9955654258319444    -2.99556542583195    (-3.2866435242993166-2.7559651699003535e-17j)    -2.9996599854566464    -3.0025232453427133    -3.0085375732821067    0.8107157152388668    0.0019048082953380208    0.003076998015546022    -0.3154655584509814    -2.9858896090212634
-0.041225274210286725    -0.15872465905860345    -0.17520590022292395    -0.16328406336765133     -0.16429354649207978    -0.16152869765081285    -0.1917805685978202    -2.995565425831945    -3.0045841071033634    -2.9955654258319444    -2.99556542583195    (-2.9013245101542093+1.474514954580286e-17j)    -2.9996599854566464    -3.0025232453427133    -3.018275980772323    0.7844879702492125    -0.006300519746118045    0.016410656082912183    -0.32000779361678744    -3.004584107103363
-0.041225274210286725    -0.15872465905860345    -0.17520590022292395    -0.1677151210040591     -0.16429354649207978    -0.16152869765081285    -0.1725186035832169    -2.995565425831945    -3.000509636048754    -2.9955654258319444    -2.99556542583195    (-3.2088446886143505+1.1606937619269344e-16j)    -2.9996599854566464    -3.0025232453427133    -3.008134812761144    0.8057339089279827    0.0065935671761700575    0.004835282595858056    -0.3098976572799933    -3.000509636048754
-0.041225274210286725    -0.15872465905860345    -0.17520590022292395    -0.162446674176914     -0.16429354649207978    -0.16152869765081285    -0.19351950343840005    -2.995565425831945    -2.9948458736314687    -2.9955654258319444    -2.99556542583195    (-2.8533118925704297-6.079453598813435e-17j)    -2.9996599854566464    -3.0025232453427133    -3.012700393208794    0.8080782883683987    0.0017582845803120163    -0.004981806310884032    -0.31605165331108537    -2.994845873631469
-0.041225274210286725    -0.15872465905860345    -0.17520590022292395    -0.1626152383434826     -0.16429354649207978    -0.16152869765081285    -0.19962483792694344    -2.995565425831945    -3.0062904260239076    -2.9955654258319444    -2.99556542583195    (-2.966615667045943-6.245004513516506e-17j)    -2.9996599854566464    -3.0025232453427133    -3.0179441606838964    0.7871253971196804    0.008351851756482096    0.0016117608652859944    -0.3197147461867354    -3.0062904260239076
-0.041225274210286725    -0.15872465905860345    -0.17520590022292395    -0.15766858554803245     -0.16429354649207978    -0.16152869765081285    -0.19038142315289983    -2.995565425831945    -2.9854796182275174    -2.9955654258319444    -2.99556542583195    (-2.9478333723456602-1.5059342941308117e-17j)    -2.9996599854566464    -3.0025232453427133    -3.0311189289838625    0.8038291006326447    0.013626705497418132    -0.007472709466326069    -0.31106984700020135    -2.9854796182275174
-0.041225274210286725    -0.15872465905860345    -0.17520590022292395    -0.1696984403452425     -0.16429354649207978    -0.16152869765081285    -0.1717855787769153    -2.995565425831945    -2.9999226602646436    -2.9955654258319444    -2.99556542583195    (-3.336231125303919+2.0580370685022954e-17j)    -2.9996599854566464    -3.0025232453427133    -3.0187017553730024    0.7929863457207206    -0.015238466362704168    -0.00981708890674212    -0.30462280353905724    -2.999922660264644
-0.041225274210286725    -0.15872465905860345    -0.17520590022292395    -0.16205023579746722     -0.16429354649207978    -0.16152869765081285    -0.1697334298956631    -2.995565425831945    -2.9975381235981837    -2.9955654258319444    -2.99556542583195    (-3.3114227548684916-1.3484380083363091e-17j)    -2.9996599854566464    -3.0025232453427133    -3.0156781908078765    0.8151114266896468    0.007472709466326067    -0.00571442488601407    -0.3159051295960594    -2.9975381235981837
-0.041225274210286725    -0.15872465905860345    -0.17520590022292395    -0.15836367804783505     -0.16429354649207978    -0.16152869765081285    -0.1474570346005734    -2.995565425831945    -2.987997721327387    -2.9955654258319444    -2.99556542583195    (-2.79770275304908-2.3813506610277835e-17j)    -2.9996599854566464    -3.0025232453427133    -3.029296616444454    0.7987007706067346    0.0014652371502600198    -0.003516569160624054    -0.3066741355494213    -2.987997721327387
-0.041225274210286725    -0.15872465905860345    -0.17520590022292395    -0.16824927964734643     -0.16429354649207978    -0.16152869765081285    -0.14746740748133566    -2.995565425831945    -2.992632535172943    -2.9955654258319444    -2.99556542583195    (-3.004240289595919-2.882030719591279e-17j)    -2.9996599854566464    -3.0025232453427133    -3.0146477961267504    0.7981146757466305    -0.008937946616586081    -0.005274853740936042    -0.30403670867895327    -2.992632535172943
-0.041225274210286725    -0.15872465905860345    -0.17520590022292395    -0.16779270209053435     -0.16429354649207978    -0.16152869765081285    -0.17005496721839    -2.995565425831945    -2.995471803905528    -2.9955654258319444    -2.99556542583195    (-2.92947448994283+2.113220706736652e-17j)    -2.9996599854566464    -3.0025232453427133    -3.017486657314379    0.7982611994616566    0.0002930474300520027    -0.00131871343523401    -0.29055652689656114    -2.995471803905528
-0.041225274210286725    -0.15872465905860345    -0.17520590022292395    -0.162582254797211     -0.16429354649207978    -0.16152869765081285    -0.16959209451504592    -2.995565425831945    -2.9905430341726125    -2.9955654258319444    -2.99556542583195    (-2.8775008937719164+7.37257477290143e-17j)    -2.9996599854566464    -3.0025232453427133    -3.017948524248407    0.8013381974772026    -0.014945418932652155    0.015238466362704187    -0.30828589641470727    -2.990543034172612
-0.041225274210286725    -0.15872465905860345    -0.17520590022292395    -0.1662280715595664     -0.16429354649207978    -0.16152869765081285    -0.16289235736876548    -2.995565425831945    -3.0023826242022777    -2.9955654258319444    -2.99556542583195    (-3.3276002489012324-8.306935700459128e-17j)    -2.9996599854566464    -3.0025232453427133    -3.032931397368122    0.7922537271455905    -0.010549707481872098    0.016264132367886167    -0.3154655584509814    -3.002382624202278
-0.041225274210286725    -0.15872465905860345    -0.17520590022292395    -0.15844527430141808     -0.16429354649207978    -0.16152869765081285    -0.1641615933498278    -2.995565425831945    -2.9879265160503206    -2.9955654258319444    -2.99556542583195    (-2.913168779069812+5.614220194254749e-17j)    -2.9996599854566464    -3.0025232453427133    -3.0159534712122067    0.8151114266896468    0.00014652371502602346    -0.01084275491192412    -0.3104837521400973    -2.9879265160503206
-0.041225274210286725    -0.15872465905860345    -0.17520590022292395    -0.168467200580725     -0.16429354649207978    -0.16152869765081285    -0.1537196972091124    -2.995565425831945    -2.995786001336358    -2.9955654258319444    -2.99556542583195    (-2.904181170187215+1.5691725612737366e-17j)    -2.9996599854566464    -3.0025232453427133    -3.0123277157198185    0.8050012903528526    0.023736841834212246    0.0013187134352340172    -0.3166377481711894    -2.995786001336358
-0.041225274210286725    -0.15872465905860345    -0.17520590022292395    -0.16052349512278238     -0.16429354649207978    -0.16152869765081285    -0.192643390093105    -2.995565425831945    -2.9926851853753487    -2.9955654258319444    -2.99556542583195    (-2.762778189032285+7.412048741360524e-17j)    -2.9996599854566464    -3.0025232453427133    -2.9935409608445323    0.7991403417518126    -0.0001465237150259888    0.0004395711450780032    -0.32264522048725547    -2.9926851853753482
-0.041225274210286725    -0.15872465905860345    -0.17520590022292395    -0.165112154084314     -0.16429354649207978    -0.16152869765081285    -0.20291077669054172    -2.995565425831945    -2.998210871275066    -2.9955654258319444    -2.99556542583195    (-2.6893911078997483-2.0146689816028753e-17j)    -2.9996599854566464    -3.0025232453427133    -3.027275614154455    0.7871253971196804    -0.007033138321248082    0.0073261857513000645    -0.3192751750416574    -2.998210871275066
-0.041225274210286725    -0.15872465905860345    -0.17520590022292395    -0.15841459065268154     -0.16429354649207978    -0.16152869765081285    -0.17176880366020308    -2.995565425831945    -3.0035367775797357    -2.9955654258319444    -2.99556542583195    (-3.15903806447238+4.2737036188130505e-17j)    -2.9996599854566464    -3.0025232453427133    -3.0403999688935883    0.7871253971196804    -0.004102664020728026    -0.016117608652860153    -0.3274805030831135    -3.0035367775797353
-0.041225274210286725    -0.15872465905860345    -0.17520590022292395    -0.16540571526417908     -0.16429354649207978    -0.16152869765081285    -0.18229922253834316    -2.995565425831945    -2.9891580526414967    -2.9955654258319444    -2.99556542583195    (-3.1355481054276577+3.201316997662483e-17j)    -2.9996599854566464    -3.0025232453427133    -3.06043764031227    0.7894697765600965    -0.019341130383432204    0.002197855725390014    -0.31414684501574736    -2.9891580526414967
-0.041225274210286725    -0.15872465905860345    -0.17520590022292395    -0.16419305381796595     -0.16429354649207978    -0.16152869765081285    -0.153940804529783    -2.995565425831945    -2.9856791517378953    -2.9955654258319444    -2.99556542583195    (-3.3526541557690672-6.418476861114186e-17j)    -2.9996599854566464    -3.0025232453427133    -3.0390346558864145    0.8184814721352448    0.00043957114507799745    0.01391975292747014    -0.30462280353905724    -2.9856791517378953
-0.041225274210286725    -0.15872465905860345    -0.17520590022292395    -0.16695203358284852     -0.16429354649207978    -0.16152869765081285    -0.1959680968734614    -2.995565425831945    -3.006104929859903    -2.9955654258319444    -2.99556542583195    (-3.266469547289356+1.655908735072578e-17j)    -2.9996599854566464    -3.0025232453427133    -3.0124713061246613    0.7906419662803045    -0.0016117608652860096    -0.009230994046638106    -0.31502598730590337    -3.0061049298599034
-0.041225274210286725    -0.15872465905860345    -0.17520590022292395    -0.16738300690634594     -0.16429354649207978    -0.16152869765081285    -0.14562705967503647    -2.995565425831945    -2.9990882003334702    -2.9955654258319444    -2.99556542583195    (-3.2853893747668153-9.81703050505818e-17j)    -2.9996599854566464    -3.0025232453427133    -3.016980700897557    0.8008986263321246    -0.0067400908911960525    0.009524041476690106    -0.3257222185028015    -2.9990882003334702
-0.041225274210286725    -0.15872465905860345    -0.17520590022292395    -0.16262359394039663     -0.16429354649207978    -0.16152869765081285    -0.1912024106587488    -2.995565425831945    -3.00232631161557    -2.9955654258319444    -2.99556542583195    (-2.7257480005372896-2.8307411997972484e-17j)    -2.9996599854566464    -3.0025232453427133    -3.0158144163370473    0.7954772488761626    0.013919752927470143    -0.00659356717617005    -0.3116559418603053    -3.00232631161557
-0.041225274210286725    -0.15872465905860345    -0.17520590022292395    -0.16885293261397194     -0.16429354649207978    -0.16152869765081285    -0.15177573153046958    -2.995565425831945    -2.9986120280595703    -2.9955654258319444    -2.99556542583195    (-3.01466867015235-4.202810310803431e-17j)    -2.9996599854566464    -3.0025232453427133    -3.019031176151082    0.7824366382388485    -0.006007472316066063    0.009084470331612101    -0.31209551300538335    -2.9986120280595703
-0.041225274210286725    -0.15872465905860345    -0.17520590022292395    -0.16563726225918476     -0.16429354649207978    -0.16152869765081285    -0.17617318736189366    -2.995565425831945    -2.9962720688022104    -2.9955654258319444    -2.99556542583195    (-3.440068761624479+3.2959746043559335e-17j)    -2.9996599854566464    -3.0025232453427133    -3.0322205538823574    0.7800922587984324    0.001465237150260017    -0.017143274658042166    -0.30418323239397926    -2.9962720688022104
-0.041225274210286725    -0.15872465905860345    -0.17520590022292395    -0.16706465719045338     -0.16429354649207978    -0.16152869765081285    -0.17465933846765003    -2.995565425831945    -2.995978344929841    -2.9955654258319444    -2.99556542583195    (-2.5736890296067667-2.3260338267794682e-17j)    -2.9996599854566464    -3.0025232453427133    -3.011533542399687    0.7789200690782244    -0.005421377455962054    0.0014652371502600046    -0.2860142917307551    -2.995978344929841
-0.041225274210286725    -0.15872465905860345    -0.17520590022292395    -0.1577230674314677     -0.16429354649207978    -0.16152869765081285    -0.18166714345032545    -2.995565425831945    -2.9911434430896    -2.9955654258319444    -2.99556542583195    (-3.0205915667179415+1.5833245836728692e-16j)    -2.9996599854566464    -3.0025232453427133    -3.0179724605795277    0.8132066183943087    -0.016996750943016184    -0.006740090891196081    -0.32161955448207347    -2.9911434430896
-0.041225274210286725    -0.15872465905860345    -0.17520590022292395    -0.16645093485398207     -0.16429354649207978    -0.16152869765081285    -0.18553017784290735    -2.995565425831945    -2.9925803315445245    -2.9955654258319444    -2.99556542583195    (-2.788018264102049-3.540473455977192e-17j)    -2.9996599854566464    -3.0025232453427133    -3.013325745541213    0.7984077231766826    0.00161176086528602    0.005567901170988061    -0.29905490236806925    -2.9925803315445245
-0.041225274210286725    -0.15872465905860345    -0.17520590022292395    -0.16205554620172588     -0.16429354649207978    -0.16152869765081285    -0.1733028697140227    -2.995565425831945    -2.9998582852907716    -2.9955654258319444    -2.99556542583195    (-2.918995887426399+6.221373410846632e-17j)    -2.9996599854566464    -3.0025232453427133    -3.0260783807487694    0.7868323496896285    -0.00395614030570204    -0.012894086922288123    -0.3018388529535632    -2.9998582852907716
-0.041225274210286725    -0.15872465905860345    -0.17520590022292395    -0.16598046913095044     -0.16429354649207978    -0.16152869765081285    -0.17748738878444703    -2.995565425831945    -2.9945880695011087    -2.9955654258319444    -2.99556542583195    (-2.800920656691633-2.128930376511915e-17j)    -2.9996599854566464    -3.0025232453427133    -3.005928999271224    0.7984077231766826    0.008058804326430094    -0.003663092875650036    -0.30271799524371923    -2.9945880695011087
-0.041225274210286725    -0.15872465905860345    -0.17520590022292395    -0.1714203365106577     -0.16429354649207978    -0.16152869765081285    -0.1736772673604145    -2.995565425831945    -3.0056902353656003    -2.9955654258319444    -2.99556542583195    (-3.1475311294230277-1.6479873021779667e-17j)    -2.9996599854566464    -3.0025232453427133    -3.0012117392221764    0.7943050591559545    -0.015091942647678165    0.012747563207262114    -0.30432975610900526    -3.0056902353656003
-0.041225274210286725    -0.15872465905860345    -0.17520590022292395    -0.16621902743251918     -0.16429354649207978    -0.16152869765081285    -0.17029349427213902    -2.995565425831945    -2.99568230635997    -2.9955654258319444    -2.99556542583195    (-2.9813361551001583+7.471126498035207e-17j)    -2.9996599854566464    -3.0025232453427133    -3.0043805357479467    0.8180419009901668    0.010110136336794091    -0.01069623119689809    -0.31194898929035736    -2.9956823063599702
-0.041225274210286725    -0.15872465905860345    -0.17520590022292395    -0.16717049516883967     -0.16429354649207978    -0.16152869765081285    -0.13700751286308843    -2.995565425831945    -3.004755031329038    -2.9955654258319444    -2.99556542583195    (-3.06312342289669-9.312178539473393e-17j)    -2.9996599854566464    -3.0025232453427133    -3.0123352320153574    0.7918141560005125    -0.004249187735754021    -0.016264132367886177    -0.31531903473595535    -3.004755031329038
-0.041225274210286725    -0.15872465905860345    -0.17520590022292395    -0.1658145828687003     -0.16429354649207978    -0.16152869765081285    -0.13582089474397327    -2.995565425831945    -2.996895293421194    -2.9955654258319444    -2.99556542583195    (-3.0237431321321067+6.994077542141586e-17j)    -2.9996599854566464    -3.0025232453427133    -3.0409350161418347    0.7972355334564746    0.023736841834212256    0.007619233181352065    -0.3182495090364754    -2.996895293421194
-0.041225274210286725    -0.15872465905860345    -0.17520590022292395    -0.16155893179743303     -0.16429354649207978    -0.16152869765081285    -0.19822785930915018    -2.995565425831945    -2.991264707342604    -2.9955654258319444    -2.99556542583195    (-3.0599786206260218-4.021283334297181e-18j)    -2.9996599854566464    -3.0025232453427133    -3.010666696028931    0.7951842014461106    -0.004688758880832049    0.0051283300259100445    -0.2929009063369772    -2.9912647073426037
-0.041225274210286725    -0.15872465905860345    -0.17520590022292395    -0.16222411802963746     -0.16429354649207978    -0.16152869765081285    -0.1759508773871934    -2.995565425831945    -2.9975848594526533    -2.9955654258319444    -2.99556542583195    (-2.866270819412163+4.7315483745329565e-18j)    -2.9996599854566464    -3.0025232453427133    -3.013383612153273    0.7833157805290044    -0.0073261857513000714    -0.0035165691606240195    -0.3182495090364754    -2.9975848594526533
-0.041225274210286725    -0.15872465905860345    -0.17520590022292395    -0.16645174363884058     -0.16429354649207978    -0.16152869765081285    -0.1936640453379725    -2.995565425831945    -2.9982122289653654    -2.9955654258319444    -2.99556542583195    (-2.822219968160203+3.1539215963087786e-18j)    -2.9996599854566464    -3.0025232453427133    -3.019876464342814    0.7929863457207206    -0.0013187134352340114    -0.01362670549741812    -0.30726023040952527    -2.9982122289653654
-0.041225274210286725    -0.15872465905860345    -0.17520590022292395    -0.1654979820691879     -0.16429354649207978    -0.16152869765081285    -0.17425933964625437    -2.995565425831945    -2.992740371340959    -2.9955654258319444    -2.99556542583195    (-3.096568809506482-3.382710778154774e-17j)    -2.9996599854566464    -3.0025232453427133    -3.0162384179937396    0.8022173397673587    -0.00512833002591005    0.006300519746118047    -0.3118024655753313    -2.992740371340959
-0.041225274210286725    -0.15872465905860345    -0.17520590022292395    -0.1662300966086457     -0.16429354649207978    -0.16152869765081285    -0.19318027777708505    -2.995565425831945    -2.9909052106893643    -2.9955654258319444    -2.99556542583195    (-3.207729828945351-2.0895896040667788e-17j)    -2.9996599854566464    -3.0025232453427133    -3.01106849753488    0.8030964820575146    -0.007326185751300061    -0.02300422325908224    -0.3069671829794733    -2.9909052106893643
-0.041225274210286725    -0.15872465905860345    -0.17520590022292395    -0.1682743223920075     -0.16429354649207978    -0.16152869765081285    -0.2143215092934842    -2.995565425831945    -2.9945406564780366    -2.9955654258319444    -2.99556542583195    (-2.9916043020320373+1.553329695484516e-17j)    -2.9996599854566464    -3.0025232453427133    -3.0014170074394064    0.8181884247051928    0.0032235217305720217    0.002197855725390016    -0.31253508415046133    -2.9945406564780366
-0.041225274210286725    -0.15872465905860345    -0.17520590022292395    -0.16338527283835738     -0.16429354649207978    -0.16152869765081285    -0.178188215674838    -2.995565425831945    -2.9923513743057364    -2.9955654258319444    -2.99556542583195    (-2.990807772725569+8.937853215734841e-17j)    -2.9996599854566464    -3.0025232453427133    -3.0186884799363582    0.8022173397673587    0.004102664020728031    0.004688758880832037    -0.3186890801815534    -2.9923513743057364
-0.041225274210286725    -0.15872465905860345    -0.17520590022292395    -0.16397649870500483     -0.16429354649207978    -0.16152869765081285    -0.17388446463058901    -2.995565425831945    -2.9900533556936617    -2.9955654258319444    -2.99556542583195    (-3.099303715102441+1.2607694624397628e-18j)    -2.9996599854566464    -3.0025232453427133    -3.0202246302120113    0.7995799128968906    0.007765756896378075    -0.00043957114507801946    -0.2968570466426792    -2.9900533556936617
-0.041225274210286725    -0.15872465905860345    -0.17520590022292395    -0.164428799726165     -0.16429354649207978    -0.16152869765081285    -0.17648451304939475    -2.995565425831945    -2.9992018455242975    -2.9955654258319444    -2.99556542583195    (-2.951847524442596-4.3525183597172806e-17j)    -2.9996599854566464    -3.0025232453427133    -3.0158424142802973    0.8080782883683987    -0.013040610637314149    -0.00043957114507799897    -0.3060880406893173    -2.9992018455242975
-0.041225274210286725    -0.15872465905860345    -0.17520590022292395    -0.16592348535334053     -0.16429354649207978    -0.16152869765081285    -0.1781336411405569    -2.995565425831945    -2.9982722659564356    -2.9955654258319444    -2.99556542583195    (-2.8795290009809396+9.758108737503558e-17j)    -2.9996599854566464    -3.0025232453427133    -3.014290494378068    0.8079317646533727    0.0016117608652860265    -0.010403183766846106    -0.32191260191212545    -2.998272265956435
-0.041225274210286725    -0.15872465905860345    -0.17520590022292395    -0.1714684026717378     -0.16429354649207978    -0.16152869765081285    -0.1730095733926394    -2.995565425831945    -2.9941295489559834    -2.9955654258319444    -2.99556542583195    (-2.9454250034319474+3.18560732788722e-17j)    -2.9996599854566464    -3.0025232453427133    -3.0238406565122107    0.8095435255186587    0.00937751776166409    -0.01216146834715812    -0.3181029853214494    -2.9941295489559834
-0.041225274210286725    -0.15872465905860345    -0.17520590022292395    -0.15823824130809247     -0.16429354649207978    -0.16152869765081285    -0.18948991638432242    -2.995565425831945    -2.992143115767041    -2.9955654258319444    -2.99556542583195    (-2.947219973361655+2.3657741872664782e-18j)    -2.9996599854566464    -3.0025232453427133    -3.007295453840374    0.7853671125393684    0.014652371502600145    0.014359324072548134    -0.3186890801815534    -2.992143115767041
-0.041225274210286725    -0.15872465905860345    -0.17520590022292395    -0.15735342134951552     -0.16429354649207978    -0.16152869765081285    -0.1664674134843242    -2.995565425831945    -3.0160485380366855    -2.9955654258319444    -2.99556542583195    (-2.3699507288921007-8.673617379884035e-18j)    -2.9996599854566464    -3.0025232453427133    -3.0219221608354996    0.7696890750315862    -0.010110136336794091    0.0016117608652860252    -0.3192751750416574    -3.0160485380366855
-0.041225274210286725    -0.15872465905860345    -0.17520590022292395    -0.16567719111001109     -0.16429354649207978    -0.16152869765081285    -0.14481531253335683    -2.995565425831945    -2.9872389865255005    -2.9955654258319444    -2.99556542583195    (-2.6885216683166284+5.441813414768735e-18j)    -2.9996599854566464    -3.0025232453427133    -3.0037206230405262    0.8011916737621766    0.012747563207262124    0.018022416948198183    -0.3078463252696293    -2.9872389865255005
-0.041225274210286725    -0.15872465905860345    -0.17520590022292395    -0.1670087653843432     -0.16429354649207978    -0.16152869765081285    -0.19421679898435723    -2.995565425831945    -2.9814904671643365    -2.9955654258319444    -2.99556542583195    (-2.785231186474494+1.1036727646871344e-18j)    -2.9996599854566464    -3.0025232453427133    -3.020742895066231    0.8193606144254008    -0.0029304743005200383    -0.007033138321248069    -0.3126816078654873    -2.9814904671643365
-0.041225274210286725    -0.15872465905860345    -0.17520590022292395    -0.15954377191759936     -0.16429354649207978    -0.16152869765081285    -0.17944315945408285    -2.995565425831945    -3.0062057444024783    -2.9955654258319444    -2.99556542583195    (-3.409749575766673-1.2497530871885749e-17j)    -2.9996599854566464    -3.0025232453427133    -3.0247806851324714    0.7754034999176004    -0.01860851180830219    -0.012894086922288116    -0.3178099378913974    -3.0062057444024783
-0.041225274210286725    -0.15872465905860345    -0.17520590022292395    -0.16031799584902756     -0.16429354649207978    -0.16152869765081285    -0.1645655411398896    -2.995565425831945    -2.983928444054802    -2.9955654258319444    -2.99556542583195    (-2.9918499883250487-4.163336342344337e-17j)    -2.9996599854566464    -3.0025232453427133    -3.001263395946749    0.8187745195652968    0.009524041476690108    0.008791422901560085    -0.3214730307670474    -2.983928444054802
-0.041225274210286725    -0.15872465905860345    -0.17520590022292395    -0.15823107454827823     -0.16429354649207978    -0.16152869765081285    -0.1717392157820741    -2.995565425831945    -2.983985352908267    -2.9955654258319444    -2.99556542583195    (-2.986536343001241-5.803402211627694e-17j)    -2.9996599854566464    -3.0025232453427133    -3.018142687865475    0.8045617192077746    -0.008791422901560072    -0.02402988926426426    -0.278395058549403    -2.983985352908267
-0.041225274210286725    -0.15872465905860345    -0.17520590022292395    -0.16068138582959846     -0.16429354649207978    -0.16152869765081285    -0.16453506896052647    -2.995565425831945    -2.9933799432446686    -2.9955654258319444    -2.99556542583195    (-2.9088219627975134+7.065104046165163e-17j)    -2.9996599854566464    -3.0025232453427133    -3.025134215285769    0.7962098674512925    0.007472709466326076    -0.016557179797938158    -0.3213265070520214    -2.9933799432446686
-0.041225274210286725    -0.15872465905860345    -0.17520590022292395    -0.159365079276696     -0.16429354649207978    -0.16152869765081285    -0.19459569408760952    -2.995565425831945    -2.996541058689578    -2.9955654258319444    -2.99556542583195    (-2.8839117663096125-3.3196057070258066e-17j)    -2.9996599854566464    -3.0025232453427133    -3.0245361131703525    0.7912280611404086    0.00586094860104005    0.013040610637314124    -0.3255756947877755    -2.996541058689578
-0.041225274210286725    -0.15872465905860345    -0.17520590022292395    -0.16687198754181334     -0.16429354649207978    -0.16152869765081285    -0.20054443606780967    -2.995565425831945    -2.9832417613447952    -2.9955654258319444    -2.99556542583195    (-2.814226764833661+9.249218060911434e-17j)    -2.9996599854566464    -3.0025232453427133    -3.0121344418861886    0.8055873852129567    -0.008937946616586066    0.01597108493783416    -0.30520889839916127    -2.9832417613447952
-0.041225274210286725    -0.15872465905860345    -0.17520590022292395    -0.15965920668348604     -0.16429354649207978    -0.16152869765081285    -0.16807631358704905    -2.995565425831945    -2.9877656603984803    -2.9955654258319444    -2.99556542583195    (-2.7200098745955197+5.993649797112299e-18j)    -2.9996599854566464    -3.0025232453427133    -3.0207870240850294    0.7918141560005125    -0.011135802341976116    -0.0008791422901560091    -0.2964174754976012    -2.9877656603984803
-0.041225274210286725    -0.15872465905860345    -0.17520590022292395    -0.1607021478253953     -0.16429354649207978    -0.16152869765081285    -0.18234258867714215    -2.995565425831945    -2.9951147856280897    -2.9955654258319444    -2.99556542583195    (-3.280878609717819-5.676792481327886e-18j)    -2.9996599854566464    -3.0025232453427133    -3.0266368945932394    0.7797992113683804    0.009963612621768082    0.010549707481872096    -0.31312117901056535    -2.9951147856280897
-0.041225274210286725    -0.15872465905860345    -0.17520590022292395    -0.16146491200738636     -0.16429354649207978    -0.16152869765081285    -0.14406596223369866    -2.995565425831945    -2.9854492289956704    -2.9955654258319444    -2.99556542583195    (-2.9596441695297653+6.481581932243153e-17j)    -2.9996599854566464    -3.0025232453427133    -3.0177837423864027    0.8265402764616749    0.010256660051820103    -0.0016117608652860213    -0.31400032130072136    -2.9854492289956704
-0.041225274210286725    -0.15872465905860345    -0.17520590022292395    -0.1635344769294918     -0.16429354649207978    -0.16152869765081285    -0.1789620306186804    -2.995565425831945    -2.9964795131967894    -2.9955654258319444    -2.99556542583195    (-3.0347110487113484+2.2473522818891966e-17j)    -2.9996599854566464    -3.0025232453427133    -3.001705580799352    0.7824366382388485    -0.002197855725390006    -0.006153996031092072    -0.32777355051316553    -2.996479513196789
-0.041225274210286725    -0.15872465905860345    -0.17520590022292395    -0.1635666444597108     -0.16429354649207978    -0.16152869765081285    -0.19939631077983855    -2.995565425831945    -2.994230048097612    -2.9955654258319444    -2.99556542583195    (-2.8386354756882266-5.8698183551655064e-18j)    -2.9996599854566464    -3.0025232453427133    -3.005132990619848    0.8091039543735807    -1.4637086679303315e-17    0.005274853740936066    -0.2980292363628872    -2.994230048097612
-0.041225274210286725    -0.15872465905860345    -0.17520590022292395    -0.16500654824541178     -0.16429354649207978    -0.16152869765081285    -0.15350785029069655    -2.995565425831945    -2.9941466376395676    -2.9955654258319444    -2.99556542583195    (-2.9523240377453934+3.5009994875180975e-17j)    -2.9996599854566464    -3.0025232453427133    -3.0246606926344324    0.7970890097414486    -0.004981806310884031    0.00014652371502599587    -0.3195682224717094    -2.9941466376395676
-0.041225274210286725    -0.15872465905860345    -0.17520590022292395    -0.1672165506798531     -0.16429354649207978    -0.16152869765081285    -0.17863502147406435    -2.995565425831945    -3.000555351538102    -2.9955654258319444    -2.99556542583195    (-3.008888025950297-1.4747318434307996e-17j)    -2.9996599854566464    -3.0025232453427133    -3.021634579188179    0.7797992113683804    0.013919752927470153    0.027106887279810282    -0.3100441809950193    -3.000555351538102
-0.041225274210286725    -0.15872465905860345    -0.17520590022292395    -0.1638960538324148     -0.16429354649207978    -0.16152869765081285    -0.1555339908624336    -2.995565425831945    -2.998974379055854    -2.9955654258319444    -2.99556542583195    (-2.848723859021886-2.712452490433924e-17j)    -2.9996599854566464    -3.0025232453427133    -3.0221466118042457    0.7934259168657986    -0.003956140305702043    -0.0013187134352340244    -0.33187621453389354    -2.998974379055854
-0.041225274210286725    -0.15872465905860345    -0.17520590022292395    -0.162218541246635     -0.16429354649207978    -0.16152869765081285    -0.18151714715633382    -2.995565425831945    -2.9936538619811066    -2.9955654258319444    -2.99556542583195    (-3.221319598582693+3.441788534829456e-17j)    -2.9996599854566464    -3.0025232453427133    -3.0086191828693165    0.7767222133528343    0.017289798373068162    0.0008791422901560026    -0.3116559418603053    -2.9936538619811066
-0.041225274210286725    -0.15872465905860345    -0.17520590022292395    -0.16710740529522866     -0.16429354649207978    -0.16152869765081285    -0.16763191110712533    -2.995565425831945    -2.996069708219809    -2.9955654258319444    -2.99556542583195    (-2.8495978194998877+4.5654646757740555e-17j)    -2.9996599854566464    -3.0025232453427133    -3.011826076265381    0.7880045394098365    -0.01685022722799016    -0.02842560071504428    -0.3115094181452793    -2.996069708219809
-0.041225274210286725    -0.15872465905860345    -0.17520590022292395    -0.16468638350119338     -0.16429354649207978    -0.16152869765081285    -0.19416795266151193    -2.995565425831945    -2.9952168489772633    -2.9955654258319444    -2.99556542583195    (-3.0786346416824584-2.31435147145849e-17j)    -2.9996599854566464    -3.0025232453427133    -3.015005088958997    0.7972355334564746    0.006447043461144065    0.007179662036274079    -0.3145864161608254    -2.9952168489772633
-0.041225274210286725    -0.15872465905860345    -0.17520590022292395    -0.16245572481552817     -0.16429354649207978    -0.16152869765081285    -0.16529973203275172    -2.995565425831945    -2.984980761280122    -2.9955654258319444    -2.99556542583195    (-2.5747629318440683+1.6479873021779667e-17j)    -2.9996599854566464    -3.0025232453427133    -3.016574511813162    0.8066130512181386    0.009963612621768094    0.009963612621768083    -0.29128914547169116    -2.984980761280122
-0.041225274210286725    -0.15872465905860345    -0.17520590022292395    -0.1598213993096422     -0.16429354649207978    -0.16152869765081285    -0.19601706948536035    -2.995565425831945    -2.988168910111475    -2.9955654258319444    -2.99556542583195    (-3.142882800540913+1.4036216465706655e-17j)    -2.9996599854566464    -3.0025232453427133    -3.012815003782041    0.8139392369694387    0.009524041476690105    -0.0019048082953380206    -0.3194216987566834    -2.988168910111475
-0.041225274210286725    -0.15872465905860345    -0.17520590022292395    -0.16803475609275523     -0.16429354649207978    -0.16152869765081285    -0.16011248638847422    -2.995565425831945    -2.9982772339999815    -2.9955654258319444    -2.99556542583195    (-2.8809846315152816+7.238576393762844e-17j)    -2.9996599854566464    -3.0025232453427133    -3.021640581265814    0.8032430057725406    -0.0030769980155460255    -0.009377517761664091    -0.30462280353905724    -2.9982772339999815
-0.041225274210286725    -0.15872465905860345    -0.17520590022292395    -0.16290694717286475     -0.16429354649207978    -0.16152869765081285    -0.19138553223552596    -2.995565425831945    -2.9898527420276637    -2.9955654258319444    -2.99556542583195    (-2.9113909940032077-6.071532165918825e-18j)    -2.9996599854566464    -3.0025232453427133    -3.0085948070925213    0.8101296203787627    0.001758284580312018    0.014652371502600152    -0.3078463252696293    -2.9898527420276633
-0.041225274210286725    -0.15872465905860345    -0.17520590022292395    -0.16780829979851794     -0.16429354649207978    -0.16152869765081285    -0.1835030008618157    -2.995565425831945    -2.996149559422682    -2.9955654258319444    -2.99556542583195    (-3.104668753475033+9.620193446818541e-18j)    -2.9996599854566464    -3.0025232453427133    -3.0064369374478694    0.8099830966637367    0.003663092875650032    0.0010256660051820119    -0.3233778390623855    -2.996149559422682
-0.041225274210286725    -0.15872465905860345    -0.17520590022292395    -0.16761062280863318     -0.16429354649207978    -0.16152869765081285    -0.15244722259821436    -2.995565425831945    -3.003083583613179    -2.9955654258319444    -2.99556542583195    (-3.244855052939794+4.399913761070985e-17j)    -2.9996599854566464    -3.0025232453427133    -3.0260510826693823    0.7894697765600965    -0.004102664020728042    0.005128330025910054    -0.32103345962196944    -3.003083583613179
-0.041225274210286725    -0.15872465905860345    -0.17520590022292395    -0.16632031655853763     -0.16429354649207978    -0.16152869765081285    -0.15345107835262334    -2.995565425831945    -2.9979261882656667    -2.9955654258319444    -2.99556542583195    (-3.0376826201602807+3.122502256758253e-17j)    -2.9996599854566464    -3.0025232453427133    -3.0093470025104887    0.7860997311144985    -0.006886614606222075    0.002197855725390015    -0.30726023040952527    -2.9979261882656663
-0.041225274210286725    -0.15872465905860345    -0.17520590022292395    -0.16465424440268397     -0.16429354649207978    -0.16152869765081285    -0.20099290635160233    -2.995565425831945    -3.0016483445828226    -2.9955654258319444    -2.99556542583195    (-2.865272676235728+4.1087310743780164e-17j)    -2.9996599854566464    -3.0025232453427133    -3.007263958271025    0.7897628239901485    -0.013333658067366139    -0.00659356717617006    -0.3094580861349153    -3.0016483445828226
-0.041225274210286725    -0.15872465905860345    -0.17520590022292395    -0.17286908214481808     -0.16429354649207978    -0.16152869765081285    -0.1697792309320649    -2.995565425831945    -3.001614159444049    -2.9955654258319444    -2.99556542583195    (-3.0372941396777735-2.2551405187698492e-17j)    -2.9996599854566464    -3.0025232453427133    -3.015665861077899    0.8032430057725406    0.00586094860104005    -0.029158219290174293    -0.31429336873077335    -3.001614159444049
-0.041225274210286725    -0.15872465905860345    -0.17520590022292395    -0.1632655331905757     -0.16429354649207978    -0.16152869765081285    -0.14260041260527168    -2.995565425831945    -3.00156081498486    -2.9955654258319444    -2.99556542583195    (-2.5906927645917293+3.4059803994071244e-17j)    -2.9996599854566464    -3.0025232453427133    -3.0351862725416403    0.7827296856689004    0.0027839505854940177    0.012894086922288148    -0.3109233232851753    -3.00156081498486
-0.041225274210286725    -0.15872465905860345    -0.17520590022292395    -0.1674947162627294     -0.16429354649207978    -0.16152869765081285    -0.1566674536405227    -2.995565425831945    -2.9915394752006845    -2.9955654258319444    -2.99556542583195    (-2.8933690652792805-5.205616353600512e-18j)    -2.9996599854566464    -3.0025232453427133    -3.0299064313970856    0.8137927132544127    0.00014652371502599373    -0.005421377455962047    -0.31282813158051337    -2.9915394752006845
-0.041225274210286725    -0.15872465905860345    -0.17520590022292395    -0.1674578792878297     -0.16429354649207978    -0.16152869765081285    -0.1633239888648563    -2.995565425831945    -2.9866461494028385    -2.9955654258319444    -2.99556542583195    (-2.8689780810932035+7.018108232853331e-18j)    -2.9996599854566464    -3.0025232453427133    -3.0307943049741635    0.8177488535601148    -0.013187134352340138    0.006593567176170069    -0.3167842718862154    -2.9866461494028385
-0.041225274210286725    -0.15872465905860345    -0.17520590022292395    -0.16736847161164933     -0.16429354649207978    -0.16152869765081285    -0.1886951173609909    -2.995565425831945    -2.9961259681071346    -2.9955654258319444    -2.99556542583195    (-3.164464885343812-7.049261180375942e-17j)    -2.9996599854566464    -3.0025232453427133    -3.0055916699957494    0.7907884899953305    -0.001465237150260002    -0.009670565191716102    -0.3156120821660074    -2.9961259681071346
-0.041225274210286725    -0.15872465905860345    -0.17520590022292395    -0.16189840674133266     -0.16429354649207978    -0.16152869765081285    -0.15960426614362452    -2.995565425831945    -2.9891658958876954    -2.9955654258319444    -2.99556542583195    (-2.9557814876597543-8.077845936926061e-17j)    -2.9996599854566464    -3.0025232453427133    -3.031625374195249    0.8067595749331646    0.006300519746118065    0.0017582845803120197    -0.32323131534735944    -2.9891658958876954
-0.041225274210286725    -0.15872465905860345    -0.17520590022292395    -0.15977446765986245     -0.16429354649207978    -0.16152869765081285    -0.17672673920020449    -2.995565425831945    -2.9971478455901033    -2.9955654258319444    -2.99556542583195    (-3.171681695384578+6.065748463238458e-18j)    -2.9996599854566464    -3.0025232453427133    -3.002345285311005    0.7953307251611366    -0.005274853740936074    -0.017582845803120167    -0.3145864161608254    -2.9971478455901033
-0.041225274210286725    -0.15872465905860345    -0.17520590022292395    -0.16710960582421652     -0.16429354649207978    -0.16152869765081285    -0.17942822188282562    -2.995565425831945    -3.0000051981575764    -2.9955654258319444    -2.99556542583195    (-2.8007198374447544-7.5699446151969e-18j)    -2.9996599854566464    -3.0025232453427133    -3.023476307820161    0.8006055789020726    -0.0030769980155460255    0.014945418932652145    -0.31502598730590337    -3.000005198157577
-0.041225274210286725    -0.15872465905860345    -0.17520590022292395    -0.16452725258587209     -0.16429354649207978    -0.16152869765081285    -0.17288546180248535    -2.995565425831945    -2.997245013450442    -2.9955654258319444    -2.99556542583195    (-3.0665970870635055+4.226441413473304e-17j)    -2.9996599854566464    -3.0025232453427133    -3.005864829850866    0.7945981065860065    -0.0013187134352340205    -0.011575373487054123    -0.30403670867895327    -2.997245013450442
-0.041225274210286725    -0.15872465905860345    -0.17520590022292395    -0.16352235035772109     -0.16429354649207978    -0.16152869765081285    -0.140438220856168    -2.995565425831945    -2.9913337995445843    -2.9955654258319444    -2.99556542583195    (-3.0895351196288026-6.20566374107137e-17j)    -2.9996599854566464    -3.0025232453427133    -3.005840431612823    0.8006055789020726    -0.00278395058549403    1.5027408990751405e-17    -0.31517251102092936    -2.9913337995445843
-0.041225274210286725    -0.15872465905860345    -0.17520590022292395    -0.1680424823670046     -0.16429354649207978    -0.16152869765081285    -0.20915568809253304    -2.995565425831945    -2.9963236110796125    -2.9955654258319444    -2.99556542583195    (-2.9612067755177005+3.414263313719257e-17j)    -2.9996599854566464    -3.0025232453427133    -3.0391812835492473    0.7855136362543944    -0.0035165691606240373    0.020073748958562197    -0.2974431415027832    -2.9963236110796125
-0.041225274210286725    -0.15872465905860345    -0.17520590022292395    -0.1648492052475707     -0.16429354649207978    -0.16152869765081285    -0.19206894995686757    -2.995565425831945    -3.0043530352987253    -2.9955654258319444    -2.99556542583195    (-2.9164261843121952+7.577599656063595e-17j)    -2.9996599854566464    -3.0025232453427133    -3.008078879722552    0.7907884899953305    0.01772936951814619    -0.00952404147669008    -0.31238856043543534    -3.0043530352987258
-0.041225274210286725    -0.15872465905860345    -0.17520590022292395    -0.16248245490643093     -0.16429354649207978    -0.16152869765081285    -0.18287708933300137    -2.995565425831945    -2.99489388446632    -2.9955654258319444    -2.99556542583195    (-2.694876915403321-3.540473455977192e-17j)    -2.9996599854566464    -3.0025232453427133    -3.0129749855211676    0.7982611994616566    0.003809616590676043    0.005274853740936053    -0.3137072738706694    -2.99489388446632
-0.041225274210286725    -0.15872465905860345    -0.17520590022292395    -0.16869295670326304     -0.16429354649207978    -0.16152869765081285    -0.20306326446170705    -2.995565425831945    -2.998185745424008    -2.9955654258319444    -2.99556542583195    (-3.217782249920379+5.220013293719642e-17j)    -2.9996599854566464    -3.0025232453427133    -3.010595403019966    0.8026569109124366    -0.004835282595858037    0.0027839505854940346    -0.3126816078654873    -2.998185745424008
-0.041225274210286725    -0.15872465905860345    -0.17520590022292395    -0.16450592616805543     -0.16429354649207978    -0.16152869765081285    -0.20921598005812586    -2.995565425831945    -2.9950975598153096    -2.9955654258319444    -2.99556542583195    (-2.9555540931930464-2.9176105696100462e-18j)    -2.9996599854566464    -3.0025232453427133    -3.026956447445488    0.7902023951352265    0.007765756896378063    -0.008937946616586073    -0.31605165331108537    -2.9950975598153096
-0.041225274210286725    -0.15872465905860345    -0.17520590022292395    -0.16320975539098745     -0.16429354649207978    -0.16152869765081285    -0.18654097968128222    -2.995565425831945    -2.9917229904586526    -2.9955654258319444    -2.99556542583195    (-2.995757142270473+1.853012185340131e-17j)    -2.9996599854566464    -3.0025232453427133    -3.0223077301900574    0.7982611994616566    -0.015824561222808155    0.013480181782392128    -0.29934794979812124    -2.9917229904586526
-0.041225274210286725    -0.15872465905860345    -0.17520590022292395    -0.16657422742970637     -0.16429354649207978    -0.16152869765081285    -0.15316504810695772    -2.995565425831945    -3.0006745059253084    -2.9955654258319444    -2.99556542583195    (-2.7265936418615766-2.0895896040667788e-17j)    -2.9996599854566464    -3.0025232453427133    -3.0129171227817606    0.7884441105549145    -0.01714327465804217    -0.007179662036274061    -0.3100441809950193    -3.000674505925309
-0.041225274210286725    -0.15872465905860345    -0.17520590022292395    -0.1681906092990801     -0.16429354649207978    -0.16152869765081285    -0.17650922846013653    -2.995565425831945    -2.9940333075624035    -2.9955654258319444    -2.99556542583195    (-3.1378459345935727-1.2621014225793423e-18j)    -2.9996599854566464    -3.0025232453427133    -3.011517422662303    0.8092504780886067    -0.010256660051820111    -0.00337004544559803    -0.3106302758551233    -2.9940333075624035
-0.041225274210286725    -0.15872465905860345    -0.17520590022292395    -0.161964053361412     -0.16429354649207978    -0.16152869765081285    -0.18454050139484482    -2.995565425831945    -2.993293234142349    -2.9955654258319444    -2.99556542583195    (-3.0201666629601123+3.453604086164394e-17j)    -2.9996599854566464    -3.0025232453427133    -3.0196411294904664    0.7935724405808245    -0.01626413236788617    -0.012454515777210122    -0.30418323239397926    -2.9932932341423495
