HF    CCSD    FCI    CS_CCSD    FCI_CCSD    FCI_CCSDT    Pauli_group_qwc     e_fci    e_cs_ccsd    e_fci_ccsd    fci_rdm_energy    qwc_rdm_energy    ci_sd_rdm_energy    ci_sdt_rdm_energy    cs_sd_rdm_energy    c0    c10    c01    c2    e_proj
-0.034725740169398674    0.06318205446517844    0.03915081529098543    0.051356634482209396     0.054817613205843475    0.06250427684355621    0.027815283997443156    -3.9954117071822886    -4.010483167988651    -3.995411152348411    -3.995411707182299    (-3.69073962632687-6.017877313748439e-17j)    -4.0041922467633775    -4.011463956151399    -4.149096067042681    0.7327439133469404    0.0030762939184897455    -0.005859607463790004    -0.2923944124431214    -4.010483167988651
-0.034725740169398674    0.06318205446517844    0.03915081529098543    0.05271859196628004     0.054817613205843475    0.06250427684355621    0.06055556289749894    -3.9954117071822886    -3.974415119163947    -3.995411152348411    -3.995411707182299    (-4.68958130310577-1.700029006457271e-16j)    -4.0041922467633775    -4.011463956151399    -4.085914048576356    0.7446096184611153    -0.005127156530816263    0.007031528956548014    -0.2937128241224742    -3.974415119163947
-0.034725740169398674    0.06318205446517844    0.03915081529098543    0.04766651944286077     0.054817613205843475    0.06250427684355621    0.03354531565643427    -3.9954117071822886    -3.9995533978676514    -3.995411152348411    -3.995411707182299    (-4.034998532304325+1.766426971596021e-16j)    -4.0041922467633775    -4.011463956151399    -4.212294132187235    0.7390429913705148    -0.015967430338827738    0.009814842501848253    -0.27935678583618867    -3.999553397867651
-0.034725740169398674    0.06318205446517844    0.03915081529098543    0.05164114395753019     0.054817613205843475    0.06250427684355621    0.0933306141800583    -3.9954117071822886    -4.003985743038847    -3.995411152348411    -3.995411707182299    (-3.4934204267247573-9.87296894356619e-17j)    -4.0041922467633775    -4.011463956151399    -4.0945612735648    0.723661521778066    0.007178019143142751    -0.0208016064964545    -0.30660396054281214    -4.003985743038847
-0.034725740169398674    0.06318205446517844    0.03915081529098543    0.055010222610616125     0.054817613205843475    0.06250427684355621    0.03978114355354561    -3.9954117071822886    -3.9897916465240986    -3.995411152348411    -3.995411707182299    (-3.8552054080153635-3.484401821455225e-17j)    -4.0041922467633775    -4.011463956151399    -4.0729317715891415    0.7299605998016403    0.0036622546648687787    -0.0002929803731895141    -0.2764269821042936    -3.9897916465240986
-0.034725740169398674    0.06318205446517844    0.03915081529098543    0.054447431492001375     0.054817613205843475    0.06250427684355621    0.016507295068014752    -3.9954117071822886    -4.002130259192057    -3.995411152348411    -3.995411707182299    (-3.8025112838141553+1.8700325456573056e-16j)    -4.0041922467633775    -4.011463956151399    -4.0767791495696954    0.7380175600643515    0.00908239156887449    -0.004980666344221511    -0.3023557451315644    -4.002130259192057
-0.034725740169398674    0.06318205446517844    0.03915081529098543    0.05072071485156354     0.054817613205843475    0.06250427684355621    0.004539855655248481    -3.9954117071822886    -3.9940571988733726    -3.995411152348411    -3.995411707182299    (-4.565881797770926+8.40593142373671e-17j)    -4.0041922467633775    -4.011463956151399    -4.063156323983735    0.7399219324900833    0.004541195784437237    0.001904372425731773    -0.2894646087112264    -3.9940571988733726
-0.034725740169398674    0.06318205446517844    0.03915081529098543    0.05415895866820506     0.054817613205843475    0.06250427684355621    0.017244565198817667    -3.9954117071822886    -4.0035548777277565    -3.995411152348411    -3.995411707182299    (-3.6031257564628376+9.111310147570552e-17j)    -4.0041922467633775    -4.011463956151399    -4.096383141662846    0.7381640502509462    0.0004394705597842281    0.002197352798921249    -0.29752156897393767    -4.003554877727757
-0.034725740169398674    0.06318205446517844    0.03915081529098543    0.05667402622708658     0.054817613205843475    0.06250427684355621    0.06989172200402174    -3.9954117071822886    -3.9891674744348817    -3.995411152348411    -3.995411707182299    (-3.501523695608263+1.0249823377764772e-16j)    -4.0041922467633775    -4.011463956151399    -4.074647591315848    0.7469534614466312    0.011865705114174764    -0.008203450449305994    -0.2877067264720894    -3.9891674744348817
-0.034725740169398674    0.06318205446517844    0.03915081529098543    0.054076977128897655     0.054817613205843475    0.06250427684355621    0.04341378658286665    -3.9954117071822886    -3.9978326010491902    -3.995411152348411    -3.995411707182299    (-4.252381580962398+9.476675248326014e-17j)    -4.0041922467633775    -4.011463956151399    -4.104304848880528    0.752373598350637    0.003955235038058272    0.00791047007611648    -0.2887321577782527    -3.99783260104919
-0.034725740169398674    0.06318205446517844    0.03915081529098543    0.05394458592919099     0.054817613205843475    0.06250427684355621    0.01801400289844485    -3.9954117071822886    -3.986231545293208    -3.995411152348411    -3.995411707182299    (-4.067916575256277+1.1993515636821545e-17j)    -4.0041922467633775    -4.011463956151399    -4.0889029551559375    0.7369921287581882    0.0005859607463790144    -0.004248215411247749    -0.29400580449566366    -3.9862315452932084
-0.034725740169398674    0.06318205446517844    0.03915081529098543    0.05626515603864956     0.054817613205843475    0.06250427684355621    0.05044328577907631    -3.9954117071822886    -4.007807814311296    -3.995411152348411    -3.995411707182299    (-4.134356978114695-1.9081958235744878e-16j)    -4.0041922467633775    -4.011463956151399    -4.080607111458175    0.7103309147979437    0.009668352315253499    0.0001464901865947577    -0.29005056945760543    -4.007807814311297
-0.034725740169398674    0.06318205446517844    0.03915081529098543    0.05678030773043479     0.054817613205843475    0.06250427684355621    -0.01748441080855174    -3.9954117071822886    -3.9992708254516245    -3.995411152348411    -3.995411707182299    (-4.116707794687631-1.3877787807814457e-17j)    -4.0041922467633775    -4.011463956151399    -4.148079151704021    0.7450490890208995    0.00805696026271124    0.016553391085206762    -0.2986934904666957    -3.9992708254516245
-0.034725740169398674    0.06318205446517844    0.03915081529098543    0.05426242165082275     0.054817613205843475    0.06250427684355621    0.028894811311601883    -3.9954117071822886    -3.9824519559200824    -3.995411152348411    -3.995411707182299    (-3.1956568761217046-2.2660573665749747e-16j)    -4.0041922467633775    -4.011463956151399    -4.076508547470535    0.7525200885372317    -0.01743233220477524    -0.007470999516332237    -0.3010373334522117    -3.9824519559200824
-0.034725740169398674    0.06318205446517844    0.03915081529098543    0.05230821072162849     0.054817613205843475    0.06250427684355621    0.039433354243489024    -3.9954117071822886    -3.990618316722894    -3.995411152348411    -3.995411707182299    (-3.4475565671512634+2.6962988225148563e-17j)    -4.0041922467633775    -4.011463956151399    -4.096537120201477    0.7516411474176633    0.004980666344221485    -0.00937537194206399    -0.28697427553911564    -3.990618316722894
-0.034725740169398674    0.06318205446517844    0.03915081529098543    0.05425126633869089     0.054817613205843475    0.06250427684355621    0.035604729298311946    -3.9954117071822886    -3.9924423131419267    -3.995411152348411    -3.995411707182299    (-4.34685644887627+1.700029006457271e-16j)    -4.0041922467633775    -4.011463956151399    -4.076653163477959    0.7355272268922407    -0.005859607463789998    0.00512715653081628    -0.2856558638597629    -3.992442313141927
-0.034725740169398674    0.06318205446517844    0.03915081529098543    0.056170913128756966     0.054817613205843475    0.06250427684355621    0.021969453522541753    -3.9954117071822886    -3.9964307235110286    -3.995411152348411    -3.995411707182299    (-4.149521352616212+4.0541678642930813e-17j)    -4.0041922467633775    -4.011463956151399    -4.051559224759135    0.7397754423034885    -0.002050862612326487    -0.012012195300769522    -0.3044066077438909    -3.996430723511028
-0.034725740169398674    0.06318205446517844    0.03915081529098543    0.05305441443270179     0.054817613205843475    0.06250427684355621    0.07281520822403903    -3.9954117071822886    -3.996104875985285    -3.995411152348411    -3.995411707182299    (-4.462028427914175+1.1637602158546217e-16j)    -4.0041922467633775    -4.011463956151399    -4.094553498451511    0.7296676194284507    -0.008642921009090232    -0.007910470076116491    -0.3058715096098384    -3.996104875985285
-0.034725740169398674    0.06318205446517844    0.03915081529098543    0.057453052670147046     0.054817613205843475    0.06250427684355621    0.03517198567727286    -3.9954117071822886    -3.99817215992261    -3.995411152348411    -3.995411707182299    (-4.568491670862429-7.12732112100652e-17j)    -4.0041922467633775    -4.011463956151399    -4.07994920626331    0.7358202072654303    0.00585960746378996    -0.004687685971031977    -0.2856558638597629    -3.99817215992261
-0.034725740169398674    0.06318205446517844    0.03915081529098543    0.05081677753894914     0.054817613205843475    0.06250427684355621    0.012977093553804858    -3.9954117071822886    -4.001382766506749    -3.995411152348411    -3.995411707182299    (-4.528899379854742+2.0816681711721685e-16j)    -4.0041922467633775    -4.011463956151399    -4.072921144223269    0.7302535801748298    0.010254313061632466    0.0010254313061632636    -0.30191627457178016    -4.001382766506749
-0.034725740169398674    0.06318205446517844    0.03915081529098543    0.05451689789969736     0.054817613205843475    0.06250427684355621    0.05258656144271775    -3.9954117071822886    -4.002545332671826    -3.995411152348411    -3.995411707182299    (-3.3539646694124485+5.0306980803327406e-17j)    -4.0041922467633775    -4.011463956151399    -4.215503686151347    0.7305465605480193    0.011279744367795726    0.0039552350380582454    -0.29898647083988517    -4.002545332671826
-0.034725740169398674    0.06318205446517844    0.03915081529098543    0.05470168180222295     0.054817613205843475    0.06250427684355621    0.047149462242295576    -3.9954117071822886    -4.001901852855182    -3.995411152348411    -3.995411707182299    (-3.6343036105734434-9.258338292223503e-17j)    -4.0041922467633775    -4.011463956151399    -4.146006748889031    0.731864972227372    -0.021387567242833524    -0.01611392052542251    -0.28257956994127315    -4.001901852855182
-0.034725740169398674    0.06318205446517844    0.03915081529098543    0.053266561108715714     0.054817613205843475    0.06250427684355621    0.06905422303266252    -3.9954117071822886    -4.003725722152485    -3.995411152348411    -3.995411707182299    (-4.267098409874343-7.712042033345987e-17j)    -4.0041922467633775    -4.011463956151399    -4.1403682920880485    0.734208815212888    0.0014649018659474873    -0.007178019143142779    -0.28697427553911564    -4.003725722152485
-0.034725740169398674    0.06318205446517844    0.03915081529098543    0.05299921859612522     0.054817613205843475    0.06250427684355621    0.02908329717015585    -3.9954117071822886    -3.9933741481327316    -3.995411152348411    -3.995411707182299    (-3.33747816575203-8.326672684688674e-17j)    -4.0041922467633775    -4.011463956151399    -4.143494824467247    0.7384570306241357    -0.005859607463789995    -0.025196312094297013    -0.28463043255359965    -3.9933741481327316
-0.034725740169398674    0.06318205446517844    0.03915081529098543    0.0556373356430959     0.054817613205843475    0.06250427684355621    0.017789232019202322    -3.9954117071822886    -3.9825680247054582    -3.995411152348411    -3.995411707182299    (-4.882349849337425+4.242595081392372e-17j)    -4.0041922467633775    -4.011463956151399    -4.086193755650255    0.737138618944783    -0.010400803248227238    -0.012012195300769515    -0.29503123580182694    -3.982568024705458
-0.034725740169398674    0.06318205446517844    0.03915081529098543    0.05608801524568045     0.054817613205843475    0.06250427684355621    0.04557042292240378    -3.9954117071822886    -3.994335770700235    -3.995411152348411    -3.995411707182299    (-4.018627494308387+3.925560125200231e-17j)    -4.0041922467633775    -4.011463956151399    -4.117126667325248    0.7194133063668182    -0.008935901382279749    0.012451665860553757    -0.2774524134104569    -3.994335770700235
-0.034725740169398674    0.06318205446517844    0.03915081529098543    0.05493938972606771     0.054817613205843475    0.06250427684355621    0.03134009699908126    -3.9954117071822886    -4.00253765838045    -3.995411152348411    -3.995411707182299    (-4.026156275126521+6.527645339165442e-17j)    -4.0041922467633775    -4.011463956151399    -4.193870995729139    0.7258588745769873    -0.026221743400460264    -0.0030762939184897538    -0.3118776072602232    -4.002537658380451
-0.034725740169398674    0.06318205446517844    0.03915081529098543    0.05336668233028725     0.054817613205843475    0.06250427684355621    0.09011254708830672    -3.9954117071822886    -3.999774270309638    -3.995411152348411    -3.995411707182299    (-3.962494003877719+5.2834291669784563e-17j)    -4.0041922467633775    -4.011463956151399    -4.073397176362288    0.7305465605480193    0.004394705597842503    -0.015234979405854008    -0.3010373334522117    -3.9997742703096377
-0.034725740169398674    0.06318205446517844    0.03915081529098543    0.04787646433832846     0.054817613205843475    0.06250427684355621    0.03591747318019968    -3.9954117071822886    -3.987315683841126    -3.995411152348411    -3.995411707182299    (-4.189232476539495+1.942890293094024e-16j)    -4.0041922467633775    -4.011463956151399    -4.164461848434986    0.7408008736096517    -0.014209548099690739    0.0026368233587054863    -0.29005056945760543    -3.9873156838411257
-0.034725740169398674    0.06318205446517844    0.03915081529098543    0.05645727121566511     0.054817613205843475    0.06250427684355621    0.04786604392865108    -3.9954117071822886    -3.9881844319342634    -3.995411152348411    -3.995411707182299    (-3.8833002964551433-7.979727989493313e-17j)    -4.0041922467633775    -4.011463956151399    -4.063458703586285    0.727763247002719    0.011426234554390489    0.010254313061632487    -0.2856558638597629    -3.988184431934263
-0.034725740169398674    0.06318205446517844    0.03915081529098543    0.05410161783812599     0.054817613205843475    0.06250427684355621    0.05068237916260933    -3.9954117071822886    -3.987723192421809    -3.995411152348411    -3.995411707182299    (-4.14549993636199-7.979727989493313e-17j)    -4.0041922467633775    -4.011463956151399    -4.120564648395318    0.7356737170788356    0.017725312577964777    0.005273646717411043    -0.30015839233264313    -3.9877231924218086
-0.034725740169398674    0.06318205446517844    0.03915081529098543    0.05491107908532869     0.054817613205843475    0.06250427684355621    0.047125440425149025    -3.9954117071822886    -4.008669064986385    -3.995411152348411    -3.995411707182299    (-4.641070373764242-4.242595081392372e-17j)    -4.0041922467633775    -4.011463956151399    -4.112791657999738    0.7251264236440135    -0.0017578822391369747    0.008349940635900712    -0.2972285886007482    -4.008669064986385
-0.034725740169398674    0.06318205446517844    0.03915081529098543    0.05248537619023773     0.054817613205843475    0.06250427684355621    0.02511092648154379    -3.9954117071822886    -3.9880278519726087    -3.995411152348411    -3.995411707182299    (-4.669509335304291+1.9508161669988275e-16j)    -4.0041922467633775    -4.011463956151399    -4.161482404097853    0.7390429913705148    -0.01845776351093851    -0.008496430822495519    -0.2988399806532904    -3.988027851972609
-0.034725740169398674    0.06318205446517844    0.03915081529098543    0.04929910257327165     0.054817613205843475    0.06250427684355621    0.041845791812748445    -3.9954117071822886    -3.988022782459014    -3.995411152348411    -3.995411707182299    (-4.157721062679386-4.5895397765877335e-17j)    -4.0041922467633775    -4.011463956151399    -4.197555643090949    0.7469534614466312    -0.007617489702926978    -0.002636823358705507    -0.2926873928163109    -3.988022782459014
-0.034725740169398674    0.06318205446517844    0.03915081529098543    0.0565459657745582     0.054817613205843475    0.06250427684355621    0.05384061394770846    -3.9954117071822886    -3.981758417259561    -3.995411152348411    -3.995411707182299    (-4.774680756497773+5.2834291669784563e-17j)    -4.0041922467633775    -4.011463956151399    -4.059051818281045    0.7391894815571095    -0.00732450932973749    0.006152587836979507    -0.3014768040119959    -3.981758417259561
-0.034725740169398674    0.06318205446517844    0.03915081529098543    0.052933036143105766     0.054817613205843475    0.06250427684355621    0.02593623961301902    -3.9954117071822886    -4.020446050579904    -3.995411152348411    -3.995411707182299    (-2.962602414351415-1.1260747724347637e-16j)    -4.0041922467633775    -4.011463956151399    -4.130231783136475    0.7147256203957862    -0.008789411195684998    -0.0007324509329737467    -0.30543203905005417    -4.020446050579904
-0.034725740169398674    0.06318205446517844    0.03915081529098543    0.054116736295011035     0.054817613205843475    0.06250427684355621    -0.005669188204333401    -3.9954117071822886    -3.9914349450112327    -3.995411152348411    -3.995411707182299    (-3.6923599578497335-2.351298053423654e-16j)    -4.0041922467633775    -4.011463956151399    -4.101713170423583    0.73303689372013    0.004394705597842496    0.004101725224653017    -0.29737507878734293    -3.9914349450112323
-0.034725740169398674    0.06318205446517844    0.03915081529098543    0.05402398820143807     0.054817613205843475    0.06250427684355621    0.07087958883810139    -3.9954117071822886    -3.9986664981705333    -3.995411152348411    -3.995411707182299    (-5.046984161933917-5.551115123125783e-17j)    -4.0041922467633775    -4.011463956151399    -4.045876190822932    0.7267378156965557    0.010693783621416753    0.0008789411195685096    -0.3032346862511329    -3.998666498170533
-0.034725740169398674    0.06318205446517844    0.03915081529098543    0.05598948845218021     0.054817613205843475    0.06250427684355621    0.049048231398080254    -3.9954117071822886    -3.991225549321444    -3.995411152348411    -3.995411707182299    (-4.193351728271368+3.266064865352713e-17j)    -4.0041922467633775    -4.011463956151399    -4.140164319334744    0.7381640502509462    0.00527364671741102    0.0002929803731895214    -0.2847769227401944    -3.9912255493214435
-0.034725740169398674    0.06318205446517844    0.03915081529098543    0.05421149760029201     0.054817613205843475    0.06250427684355621    0.018180975663847965    -3.9954117071822886    -3.996086734993062    -3.995411152348411    -3.995411707182299    (-4.724647069955843-7.882048844885176e-17j)    -4.0041922467633775    -4.011463956151399    -4.07830910667232    0.7298141096150454    0.00043947055978423076    0.005127156530816252    -0.29591017692139543    -3.996086734993062
-0.034725740169398674    0.06318205446517844    0.03915081529098543    0.05225950087823028     0.054817613205843475    0.06250427684355621    0.02127437103250077    -3.9954117071822886    -4.000283571677905    -3.995411152348411    -3.995411707182299    (-3.8692729453460615-5.3925976450297126e-17j)    -4.0041922467633775    -4.011463956151399    -4.13562105855322    0.7345017955860775    0.001318411679352779    0.013916567726501242    -0.3212529792022872    -4.000283571677905
-0.034725740169398674    0.06318205446517844    0.03915081529098543    0.05358663992193585     0.054817613205843475    0.06250427684355621    0.033678009647333515    -3.9954117071822886    -3.9871390628663534    -3.995411152348411    -3.995411707182299    (-4.3037933964311375+5.204170427930421e-17j)    -4.0041922467633775    -4.011463956151399    -4.095953818832086    0.7504692259249053    -0.008935901382279733    -0.017725312577964735    -0.2730577078126144    -3.9871390628663534
-0.034725740169398674    0.06318205446517844    0.03915081529098543    0.05088053178029597     0.054817613205843475    0.06250427684355621    0.053467931320862874    -3.9954117071822886    -3.993631200853924    -3.995411152348411    -3.995411707182299    (-4.0279546515498765-3.381215291204613e-16j)    -4.0041922467633775    -4.011463956151399    -4.066219903610866    0.7311325212943982    -0.009375371942063985    -0.004834176157626759    -0.2938593143090689    -3.993631200853924
-0.034725740169398674    0.06318205446517844    0.03915081529098543    0.051642200285758603     0.054817613205843475    0.06250427684355621    0.012643900633337717    -3.9954117071822886    -3.9888254156197522    -3.995411152348411    -3.995411707182299    (-2.8606383275368046-7.303713039866959e-17j)    -4.0041922467633775    -4.011463956151399    -4.100158156791219    0.7311325212943982    0.010693783621416741    0.004248215411247797    -0.28668129516592616    -3.9888254156197527
-0.034725740169398674    0.06318205446517844    0.03915081529098543    0.053610633932603645     0.054817613205843475    0.06250427684355621    0.0921347500117974    -3.9954117071822886    -4.005869607112773    -3.995411152348411    -3.995411707182299    (-3.4351349450071886+1.233149154893694e-16j)    -4.0041922467633775    -4.011463956151399    -4.130043012673031    0.723075561031687    0.007910470076116475    0.007617489702926994    -0.28902513815144215    -4.005869607112773
-0.034725740169398674    0.06318205446517844    0.03915081529098543    0.054570978745199734     0.054817613205843475    0.06250427684355621    0.03933933436878311    -3.9954117071822886    -4.009393042893142    -3.995411152348411    -3.995411707182299    (-4.211335047536972-1.4303991242057854e-16j)    -4.0041922467633775    -4.011463956151399    -4.226086079277422    0.7216106591657395    0.003369274291679256    0.022998959295375758    -0.3109986661406547    -4.009393042893142
-0.034725740169398674    0.06318205446517844    0.03915081529098543    0.05574455460200005     0.054817613205843475    0.06250427684355621    0.011863426436390118    -3.9954117071822886    -3.9912533357450193    -3.995411152348411    -3.995411707182299    (-4.677259133697337-1.09168478051256e-18j)    -4.0041922467633775    -4.011463956151399    -4.178048047429357    0.7374315993179725    -0.017725312577964773    -0.0038087448514635054    -0.2966426278543692    -3.9912533357450193
-0.034725740169398674    0.06318205446517844    0.03915081529098543    0.0533842678208521     0.054817613205843475    0.06250427684355621    0.03651077339570631    -3.9954117071822886    -3.9991999323332155    -3.995411152348411    -3.995411707182299    (-4.948948511079756-4.69870825463899e-17j)    -4.0041922467633775    -4.011463956151399    -4.18330608716807    0.720731718046171    -0.0033692742916792374    -0.00322278410508448    -0.29547070636161116    -3.9991999323332155
-0.034725740169398674    0.06318205446517844    0.03915081529098543    0.05321640750830404     0.054817613205843475    0.06250427684355621    0.037064675703836585    -3.9954117071822886    -3.989818287766246    -3.995411152348411    -3.995411707182299    (-4.386639834074362-3.013333778706997e-17j)    -4.0041922467633775    -4.011463956151399    -4.047739182718358    0.742998226408573    -0.0017578822391370026    -0.017139351831585752    -0.2942987848688532    -3.989818287766246
-0.034725740169398674    0.06318205446517844    0.03915081529098543    0.05240125152041494     0.054817613205843475    0.06250427684355621    0.04439490520746862    -3.9954117071822886    -3.9968122170341545    -3.995411152348411    -3.995411707182299    (-4.298606488486177+3.8163916471489756e-17j)    -4.0041922467633775    -4.011463956151399    -4.115628189343498    0.7264448353233662    0.010547293434822013    0.004541195784437214    -0.2976680591605324    -3.9968122170341545
-0.034725740169398674    0.06318205446517844    0.03915081529098543    0.054712927995851035     0.054817613205843475    0.06250427684355621    0.06750743106393962    -3.9954117071822886    -4.011081199980208    -3.995411152348411    -3.995411707182299    (-3.828936418901428+1.69853351950711e-16j)    -4.0041922467633775    -4.011463956151399    -4.102084626168519    0.7304000703614245    0.0002929803731895072    -0.007178019143142739    -0.2897575890844159    -4.011081199980208
-0.034725740169398674    0.06318205446517844    0.03915081529098543    0.049753015786667895     0.054817613205843475    0.06250427684355621    0.05049865105734347    -3.9954117071822886    -3.9932523048744506    -3.995411152348411    -3.995411707182299    (-4.32133994106567+3.469446951953614e-17j)    -4.0041922467633775    -4.011463956151399    -4.139036652209741    0.7317184820407773    -0.017432332204775244    0.006006097650384763    -0.2957636867348007    -3.993252304874451
-0.034725740169398674    0.06318205446517844    0.03915081529098543    0.04995737186251085     0.054817613205843475    0.06250427684355621    0.031812744243209026    -3.9954117071822886    -4.002879924323615    -3.995411152348411    -3.995411707182299    (-4.097046968296441+1.546296258877516e-17j)    -4.0041922467633775    -4.011463956151399    -4.183508662696694    0.7264448353233662    0.0004394705597842617    0.006885038769953248    -0.3085083329685439    -4.002879924323615
-0.034725740169398674    0.06318205446517844    0.03915081529098543    0.053990696976168866     0.054817613205843475    0.06250427684355621    0.028513816900316458    -3.9954117071822886    -3.992640382661349    -3.995411152348411    -3.995411707182299    (-3.187667566390063-1.5186307849547867e-16j)    -4.0041922467633775    -4.011463956151399    -4.1656140319504935    0.7325974231603457    -0.00395523503805826    -0.003955235038058246    -0.2953242161750164    -3.9926403826613495
-0.034725740169398674    0.06318205446517844    0.03915081529098543    0.052660943221677095     0.054817613205843475    0.06250427684355621    0.0621778468191627    -3.9954117071822886    -4.0050722547911555    -3.995411152348411    -3.995411707182299    (-4.154324257643658+3.101566474111248e-17j)    -4.0041922467633775    -4.011463956151399    -4.134218799103108    0.728935168495477    -0.004687685971031984    0.006738548583358498    -0.28756023628549465    -4.0050722547911555
-0.034725740169398674    0.06318205446517844    0.03915081529098543    0.05233850017208106     0.054817613205843475    0.06250427684355621    0.05278321629450849    -3.9954117071822886    -3.993301798592565    -3.995411152348411    -3.995411707182299    (-4.567391001433311-1.2048850723288005e-16j)    -4.0041922467633775    -4.011463956151399    -4.131226860444512    0.72717728625634    0.0004394705597842414    0.0020508626123264895    -0.2803822171423519    -3.9933017985925647
-0.034725740169398674    0.06318205446517844    0.03915081529098543    0.050806183327392555     0.054817613205843475    0.06250427684355621    0.04087377178174844    -3.9954117071822886    -3.997778671188859    -3.995411152348411    -3.995411707182299    (-4.144752246937479-2.0024094321241335e-17j)    -4.0041922467633775    -4.011463956151399    -4.1066548357953625    0.7358202072654303    -0.0079104700761165    -0.013037626606932766    -0.27818486434343065    -3.9977786711888594
-0.034725740169398674    0.06318205446517844    0.03915081529098543    0.05238127111890884     0.054817613205843475    0.06250427684355621    0.016961222222483176    -3.9954117071822886    -3.9947222663293642    -3.995411152348411    -3.995411707182299    (-4.031548300616864-1.884272170992911e-18j)    -4.0041922467633775    -4.011463956151399    -4.158288607179529    0.729521129241856    0.008935901382279768    0.00029298037318947247    -0.28858566759165794    -3.994722266329364
-0.034725740169398674    0.06318205446517844    0.03915081529098543    0.05383050322850789     0.054817613205843475    0.06250427684355621    0.09297054493254887    -3.9954117071822886    -3.992037597371901    -3.995411152348411    -3.995411707182299    (-3.6683630244565677+3.2810197348543235e-17j)    -4.0041922467633775    -4.011463956151399    -4.102173381850429    0.7339158348396985    0.005273646717411009    -0.002050862612326492    -0.2982540199069114    -3.9920375973719016
-0.034725740169398674    0.06318205446517844    0.03915081529098543    0.05472020117251008     0.054817613205843475    0.06250427684355621    0.05292983726520269    -3.9954117071822886    -3.9965119817944412    -3.995411152348411    -3.995411707182299    (-4.929280809718403-1.0125700030211906e-16j)    -4.0041922467633775    -4.011463956151399    -4.064582534775786    0.7362596778252145    0.004394705597842491    4.423652863078335e-18    -0.3044066077438909    -3.996511981794442
-0.034725740169398674    0.06318205446517844    0.03915081529098543    0.055001682669254454     0.054817613205843475    0.06250427684355621    -0.0022794413221890845    -3.9954117071822886    -4.006875361857627    -3.995411152348411    -3.995411707182299    (-4.039013498164948-1.1875378375690324e-16j)    -4.0041922467633775    -4.011463956151399    -4.085127096219722    0.729521129241856    0.007617489702926997    -0.010547293434821978    -0.2942987848688532    -4.006875361857627
-0.034725740169398674    0.06318205446517844    0.03915081529098543    0.050635124135890136     0.054817613205843475    0.06250427684355621    0.019551364940178336    -3.9954117071822886    -4.001938321898186    -3.995411152348411    -3.995411707182299    (-3.762786322794211-1.7570056107410566e-16j)    -4.0041922467633775    -4.011463956151399    -4.228738180053256    0.7349412661458617    -0.0043947055978424705    -0.002050862612326488    -0.2859488442329524    -4.001938321898187
-0.034725740169398674    0.06318205446517844    0.03915081529098543    0.05679938418960702     0.054817613205843475    0.06250427684355621    0.025408747011848448    -3.9954117071822886    -3.9916940865874553    -3.995411152348411    -3.995411707182299    (-4.106203313101453+4.5102810375396984e-17j)    -4.0041922467633775    -4.011463956151399    -4.095185577277169    0.7409473637962465    0.004541195784437232    -0.006152587836979504    -0.29854700028010095    -3.9916940865874553
-0.034725740169398674    0.06318205446517844    0.03915081529098543    0.05431681567033137     0.054817613205843475    0.06250427684355621    0.033331087391182755    -3.9954117071822886    -3.981868809761491    -3.995411152348411    -3.995411707182299    (-4.180341393313119+3.855076331968796e-16j)    -4.0041922467633775    -4.011463956151399    -4.065227041777909    0.7541314805897741    0.0002929803731894865    0.015381469592448757    -0.29605666710799017    -3.9818688097614907
-0.034725740169398674    0.06318205446517844    0.03915081529098543    0.05091247792810306     0.054817613205843475    0.06250427684355621    0.02809052534680739    -3.9954117071822886    -4.003668738791326    -3.995411152348411    -3.995411707182299    (-4.218825064325337-4.163336342344337e-17j)    -4.0041922467633775    -4.011463956151399    -4.150111519710986    0.719559796553413    -0.004248215411247754    -0.00908239156887451    -0.29898647083988517    -4.003668738791327
-0.034725740169398674    0.06318205446517844    0.03915081529098543    0.05116219981099891     0.054817613205843475    0.06250427684355621    0.04931303951901728    -3.9954117071822886    -3.9951335146635416    -3.995411152348411    -3.995411707182299    (-3.4586274208678454+1.2156412438991255e-16j)    -4.0041922467633775    -4.011463956151399    -4.162885954588155    0.7323044427871562    0.0054201369040057555    0.007910470076116507    -0.2909295105771739    -3.9951335146635416
-0.034725740169398674    0.06318205446517844    0.03915081529098543    0.05480164456286989     0.054817613205843475    0.06250427684355621    0.070823195893512    -3.9954117071822886    -3.9991834932645633    -3.995411152348411    -3.995411707182299    (-4.639242736722007-6.938893903907228e-17j)    -4.0041922467633775    -4.011463956151399    -4.133469200577153    0.7211711886059552    -0.001611392052542241    0.0014649018659475034    -0.2877067264720894    -3.9991834932645633
-0.034725740169398674    0.06318205446517844    0.03915081529098543    0.046771541647268385     0.054817613205843475    0.06250427684355621    0.03724178482261199    -3.9954117071822886    -4.004974369844969    -3.995411152348411    -3.995411707182299    (-3.3078869023124007-1.0676026812008168e-16j)    -4.0041922467633775    -4.011463956151399    -4.127310059398949    0.7156045615153547    -0.003955235038058251    0.013330606980122202    -0.28668129516592616    -4.004974369844969
-0.034725740169398674    0.06318205446517844    0.03915081529098543    0.05233587321489074     0.054817613205843475    0.06250427684355621    0.04709308883403565    -3.9954117071822886    -3.988957846681432    -3.995411152348411    -3.995411707182299    (-4.024402557927065-1.233149154893694e-16j)    -4.0041922467633775    -4.011463956151399    -4.117307178264898    0.730107089988235    0.0030762939184897486    0.0161139205254225    -0.29854700028010095    -3.988957846681432
-0.034725740169398674    0.06318205446517844    0.03915081529098543    0.05525201622039534     0.054817613205843475    0.06250427684355621    0.056183159252578614    -3.9954117071822886    -3.9931217380823965    -3.995411152348411    -3.995411707182299    (-3.5754227245474155-2.1557405122908412e-16j)    -4.0041922467633775    -4.011463956151399    -4.105684834367505    0.7425587558487887    -0.010107822875037739    0.003369274291679242    -0.2972285886007482    -3.993121738082397
-0.034725740169398674    0.06318205446517844    0.03915081529098543    0.05199001395043421     0.054817613205843475    0.06250427684355621    0.056667007612657444    -3.9954117071822886    -3.9935475668613654    -3.995411152348411    -3.995411707182299    (-3.8621287822597186-1.119644385480121e-16j)    -4.0041922467633775    -4.011463956151399    -4.124499078542193    0.7320114624139668    -0.012598156047148494    0.0026368233587054854    -0.3088013133417334    -3.9935475668613654
-0.034725740169398674    0.06318205446517844    0.03915081529098543    0.05181283851376304     0.054817613205843475    0.06250427684355621    0.055835490140284286    -3.9954117071822886    -3.987656108789498    -3.995411152348411    -3.995411707182299    (-3.249288251537294+4.242595081392372e-17j)    -4.0041922467633775    -4.011463956151399    -4.071621099094308    0.7422657754755992    0.002343842985515989    0.009228881755469265    -0.29210143206993194    -3.9876561087894986
-0.034725740169398674    0.06318205446517844    0.03915081529098543    0.05314790855187808     0.054817613205843475    0.06250427684355621    0.052153244781841725    -3.9954117071822886    -3.9987936570088913    -3.995411152348411    -3.995411707182299    (-3.758205174450042+1.4081169894415359e-16j)    -4.0041922467633775    -4.011463956151399    -4.274200796844966    0.7345017955860775    -0.012012195300769489    -0.0038087448514634954    -0.2953242161750164    -3.9987936570088913
-0.034725740169398674    0.06318205446517844    0.03915081529098543    0.05040416374820312     0.054817613205843475    0.06250427684355621    0.018629835980626112    -3.9954117071822886    -4.001032389334937    -3.995411152348411    -3.995411707182299    (-3.8919902376494466+1.942890293094024e-16j)    -4.0041922467633775    -4.011463956151399    -4.117960538043199    0.738310540437541    -0.006885038769953253    0.014649018659474993    -0.29693560822755866    -4.001032389334937
-0.034725740169398674    0.06318205446517844    0.03915081529098543    0.0522983725920918     0.054817613205843475    0.06250427684355621    0.02610011276025223    -3.9954117071822886    -3.996851983581321    -3.995411152348411    -3.995411707182299    (-4.196328452074395-1.734723475976807e-16j)    -4.0041922467633775    -4.011463956151399    -4.1168684176371    0.7393359717437042    0.0016113920525422571    -0.013770077539906497    -0.30806886240875964    -3.996851983581321
-0.034725740169398674    0.06318205446517844    0.03915081529098543    0.05796639850284618     0.054817613205843475    0.06250427684355621    0.01638261581951533    -3.9954117071822886    -4.002848510775444    -3.995411152348411    -3.995411707182299    (-3.9945130833075897+3.302404991310576e-16j)    -4.0041922467633775    -4.011463956151399    -4.086745655926247    0.7213176787925499    -0.0027833135453002554    -0.012012195300769498    -0.2879997068452789    -4.0028485107754435
-0.034725740169398674    0.06318205446517844    0.03915081529098543    0.054120903165740156     0.054817613205843475    0.06250427684355621    0.031029063621271325    -3.9954117071822886    -4.013396202467807    -3.995411152348411    -3.995411707182299    (-5.278643919522301-1.6574086630329312e-16j)    -4.0041922467633775    -4.011463956151399    -4.1895791764251875    0.7091589933051857    0.013037626606932737    -0.004101725224652982    -0.2780383741568359    -4.013396202467807
-0.034725740169398674    0.06318205446517844    0.03915081529098543    0.0535708357464392     0.054817613205843475    0.06250427684355621    0.0543935692743148    -3.9954117071822886    -3.9936155115845184    -3.995411152348411    -3.995411707182299    (-3.953304586973191-2.5587171270657905e-16j)    -4.0041922467633775    -4.011463956151399    -4.079126501809871    0.7320114624139668    -0.022559488735591497    -0.014649018659474997    -0.2847769227401944    -3.993615511584518
-0.034725740169398674    0.06318205446517844    0.03915081529098543    0.05328108618429546     0.054817613205843475    0.06250427684355621    0.017116767850695352    -3.9954117071822886    -3.9974794721702884    -3.995411152348411    -3.995411707182299    (-3.8356290069964682-1.3305869037832862e-16j)    -4.0041922467633775    -4.011463956151399    -4.188586260260232    0.7249799334574187    -0.012305175673958994    0.007031528956547976    -0.2923944124431214    -3.9974794721702884
-0.034725740169398674    0.06318205446517844    0.03915081529098543    0.04965002336506638     0.054817613205843475    0.06250427684355621    0.03125964969028751    -3.9954117071822886    -3.989758639526754    -3.995411152348411    -3.995411707182299    (-4.079445952846257+1.8735013540549517e-16j)    -4.0041922467633775    -4.011463956151399    -4.16797683823593    0.7257123843903925    0.007470999516332245    -0.014356038286285523    -0.30133031382540115    -3.989758639526754
-0.034725740169398674    0.06318205446517844    0.03915081529098543    0.05292383679507896     0.054817613205843475    0.06250427684355621    0.04866291730519338    -3.9954117071822886    -3.9835209693907876    -3.995411152348411    -3.995411707182299    (-4.2925759671506025+1.6576491368835529e-16j)    -4.0041922467633775    -4.011463956151399    -4.1402322703523815    0.7454885595806837    -0.0027833135453002385    -0.009082391568874491    -0.3046995881170804    -3.9835209693907876
-0.034725740169398674    0.06318205446517844    0.03915081529098543    0.055384819976510145     0.054817613205843475    0.06250427684355621    0.05439589638274809    -3.9954117071822886    -3.995247355725613    -3.995411152348411    -3.995411707182299    (-4.163482911087602-1.0502554464410488e-16j)    -4.0041922467633775    -4.011463956151399    -4.132642286686828    0.7249799334574187    -0.00791047007611649    0.003222784105084485    -0.2918084516967424    -3.995247355725613
-0.034725740169398674    0.06318205446517844    0.03915081529098543    0.05214117706065195     0.054817613205843475    0.06250427684355621    0.07883866379669698    -3.9954117071822886    -3.9953469823395125    -3.995411152348411    -3.995411707182299    (-3.6599993405061966-1.0234868508263162e-16j)    -4.0041922467633775    -4.011463956151399    -4.126089713860297    0.734208815212888    -0.004541195784437259    0.01743233220477527    -0.30968025446130193    -3.995346982339512
-0.034725740169398674    0.06318205446517844    0.03915081529098543    0.05432677113230527     0.054817613205843475    0.06250427684355621    -0.020953316705465536    -3.9954117071822886    -4.004113541144028    -3.995411152348411    -3.995411707182299    (-4.037093916907319+1.1716860897594253e-16j)    -4.0041922467633775    -4.011463956151399    -4.108492615868551    0.7100379344247542    -0.0029298037318950224    -0.006738548583358504    -0.3076293918489754    -4.0041135411440285
-0.034725740169398674    0.06318205446517844    0.03915081529098543    0.05265122954997596     0.054817613205843475    0.06250427684355621    0.028663594143922465    -3.9954117071822886    -3.991430080211109    -3.995411152348411    -3.995411707182299    (-4.219432700782599-3.010492974294841e-16j)    -4.0041922467633775    -4.011463956151399    -4.108398090638126    0.7345017955860775    0.0024903331721107427    -0.002636823358705477    -0.29547070636161116    -3.991430080211109
-0.034725740169398674    0.06318205446517844    0.03915081529098543    0.054834357484232654     0.054817613205843475    0.06250427684355621    0.02518534749808783    -3.9954117071822886    -3.9856528167047425    -3.995411152348411    -3.995411707182299    (-3.608822571187952-6.056577296417214e-17j)    -4.0041922467633775    -4.011463956151399    -4.1483323025099725    0.7484183633125788    0.005420136904005746    -0.020508626123265008    -0.28756023628549465    -3.9856528167047425
-0.034725740169398674    0.06318205446517844    0.03915081529098543    0.050956182082132366     0.054817613205843475    0.06250427684355621    0.050029436083905095    -3.9954117071822886    -3.987660137590759    -3.995411152348411    -3.995411707182299    (-4.376646822044366-1.923150693076098e-17j)    -4.0041922467633775    -4.011463956151399    -4.131858399611543    0.749443794618742    -0.01669988127180148    0.0023438429855159844    -0.2797962563959729    -3.9876601375907588
-0.034725740169398674    0.06318205446517844    0.03915081529098543    0.05483510762749477     0.054817613205843475    0.06250427684355621    -0.004034308539996838    -3.9954117071822886    -3.995762445789056    -3.995411152348411    -3.995411707182299    (-4.358039547013666-7.28583859910259e-17j)    -4.0041922467633775    -4.011463956151399    -4.134398299904703    0.7226360904719027    -0.012012195300769501    -0.0008789411195685056    -0.28961109889782116    -3.9957624457890564
-0.034725740169398674    0.06318205446517844    0.03915081529098543    0.052085320244246364     0.054817613205843475    0.06250427684355621    0.027237739264611843    -3.9954117071822886    -3.9920274084385503    -3.995411152348411    -3.995411707182299    (-2.697686602073941+1.9081958235744878e-17j)    -4.0041922467633775    -4.011463956151399    -4.096932671569327    0.731864972227372    0.0021973527989212383    0.00175788223913698    -0.2957636867348007    -3.9920274084385503
-0.034725740169398674    0.06318205446517844    0.03915081529098543    0.051521339652107416     0.054817613205843475    0.06250427684355621    0.08393871619858649    -3.9954117071822886    -3.9878184280576505    -3.995411152348411    -3.995411707182299    (-4.655872040430296-1.0314127247311198e-16j)    -4.0041922467633775    -4.011463956151399    -4.091576902798709    0.7345017955860775    -0.0002929803731895196    -0.011865705114174714    -0.2909295105771739    -3.98781842805765
-0.034725740169398674    0.06318205446517844    0.03915081529098543    0.052600500474648745     0.054817613205843475    0.06250427684355621    0.05566144360603316    -3.9954117071822886    -4.003841496248385    -3.995411152348411    -3.995411707182299    (-4.18893796866282-2.60208521396521e-17j)    -4.0041922467633775    -4.011463956151399    -4.086620401905716    0.7268843058831505    0.000878941119568511    -0.014356038286285473    -0.29752156897393767    -4.003841496248385
-0.034725740169398674    0.06318205446517844    0.03915081529098543    0.05345337307397866     0.054817613205843475    0.06250427684355621    0.0827706891847181    -3.9954117071822886    -3.9985442403788527    -3.995411152348411    -3.995411707182299    (-4.1073997040026775+6.403521991612576e-17j)    -4.0041922467633775    -4.011463956151399    -4.1000424401486235    0.7334763642799143    -0.005273646717410997    -0.011719214927579998    -0.29591017692139543    -3.998544240378853
-0.034725740169398674    0.06318205446517844    0.03915081529098543    0.051097562674981216     0.054817613205843475    0.06250427684355621    0.017339299401618345    -3.9954117071822886    -3.99712778201917    -3.995411152348411    -3.995411707182299    (-3.7663771648727185-1.2063805592789614e-16j)    -4.0041922467633775    -4.011463956151399    -4.169006763433538    0.7252729138306082    -0.0084964308224955    0.0074709995163322294    -0.28463043255359965    -3.99712778201917
-0.034725740169398674    0.06318205446517844    0.03915081529098543    0.05588278801179737     0.054817613205843475    0.06250427684355621    0.013857303978308456    -3.9954117071822886    -3.983694821258724    -3.995411152348411    -3.995411707182299    (-3.4532066347809707-9.32173660866706e-17j)    -4.0041922467633775    -4.011463956151399    -4.089839235303774    0.7457815399538733    0.007910470076116479    0.008349940635900737    -0.28521639329997867    -3.983694821258724
-0.034725740169398674    0.06318205446517844    0.03915081529098543    0.05730219645682157     0.054817613205843475    0.06250427684355621    0.07194922784783511    -3.9954117071822886    -3.9899865739015343    -3.995411152348411    -3.995411707182299    (-3.5828192618949863+3.310929473857544e-17j)    -4.0041922467633775    -4.011463956151399    -4.057545591758998    0.733622854466509    0.004834176157626733    0.002929803731894978    -0.29488474561523215    -3.9899865739015343
-0.034725740169398674    0.06318205446517844    0.03915081529098543    0.05114522411868501     0.054817613205843475    0.06250427684355621    0.024446927556264385    -3.9954117071822886    -3.987018269627008    -3.995411152348411    -3.995411707182299    (-4.389056640851653+4.777966993687025e-17j)    -4.0041922467633775    -4.011463956151399    -4.078620534772639    0.7422657754755992    0.0027833135453002498    0.00644556821016899    -0.2928338830029057    -3.9870182696270082
-0.034725740169398674    0.06318205446517844    0.03915081529098543    0.05199161299680923     0.054817613205843475    0.06250427684355621    0.009868626211950247    -3.9954117071822886    -4.000450407865898    -3.995411152348411    -3.995411707182299    (-3.7690118588131085-5.353719122946526e-18j)    -4.0041922467633775    -4.011463956151399    -4.171850947358209    0.7364061680118092    0.0008789411195685097    -0.006738548583358521    -0.29107600076376866    -4.000450407865898
-0.034725740169398674    0.06318205446517844    0.03915081529098543    0.055095931444337144     0.054817613205843475    0.06250427684355621    0.047576488039998574    -3.9954117071822886    -3.9821123702990837    -3.995411152348411    -3.995411707182299    (-3.5115017589550828+1.3515888243117486e-16j)    -4.0041922467633775    -4.011463956151399    -4.133284430755577    0.7361131876386198    0.015527959779043496    0.011719214927579989    -0.29649613766777444    -3.982112370299084
-0.034725740169398674    0.06318205446517844    0.03915081529098543    0.05094325176664562     0.054817613205843475    0.06250427684355621    0.05667991892120343    -3.9954117071822886    -3.999587373485756    -3.995411152348411    -3.995411707182299    (-3.372734090111239-2.1501780858446853e-16j)    -4.0041922467633775    -4.011463956151399    -4.0675857882165865    0.7358202072654303    0.010986763994606255    0.02124107705623876    -0.30220925494496964    -3.9995873734857565
-0.034725740169398674    0.06318205446517844    0.03915081529098543    0.05274222116701105     0.054817613205843475    0.06250427684355621    0.04145941189480383    -3.9954117071822886    -3.9859366180887372    -3.995411152348411    -3.995411707182299    (-3.302261183869664-3.052579726171505e-17j)    -4.0041922467633775    -4.011463956151399    -4.139411114232326    0.7551569118959373    -0.0024903331721107444    0.01171921492758001    -0.29254090262971616    -3.9859366180887372
-0.034725740169398674    0.06318205446517844    0.03915081529098543    0.0539927195400282     0.054817613205843475    0.06250427684355621    0.015270902538562626    -3.9954117071822886    -3.9977964821739715    -3.995411152348411    -3.995411707182299    (-3.893211236666188-8.073941598042958e-17j)    -4.0041922467633775    -4.011463956151399    -4.100206040464107    0.7243939727110398    0.0030762939184897564    0.011719214927579998    -0.2967891180409639    -3.9977964821739715
-0.034725740169398674    0.06318205446517844    0.03915081529098543    0.054130266458133944     0.054817613205843475    0.06250427684355621    0.08692918462361304    -3.9954117071822886    -3.9812318338897987    -3.995411152348411    -3.995411707182299    (-4.833874294663348+9.114775683629042e-17j)    -4.0041922467633775    -4.011463956151399    -4.079047951343654    0.741240344169436    0.006592058396763778    0.012598156047148482    -0.3055785292366489    -3.9812318338897983
-0.034725740169398674    0.06318205446517844    0.03915081529098543    0.052639420235134515     0.054817613205843475    0.06250427684355621    0.04805449894398617    -3.9954117071822886    -3.988298136950588    -3.995411152348411    -3.995411707182299    (-3.623874052083721+4.148202253398058e-17j)    -4.0041922467633775    -4.011463956151399    -4.087858641803566    0.7478324025661998    0.007763979889521753    0.005713117277195244    -0.30220925494496964    -3.9882981369505877
-0.034725740169398674    0.06318205446517844    0.03915081529098543    0.05768193693714034     0.054817613205843475    0.06250427684355621    0.02608842605842316    -3.9954117071822886    -4.012811379871218    -3.995411152348411    -3.995411707182299    (-3.9479058061655667+1.9168694409543718e-16j)    -4.0041922467633775    -4.011463956151399    -4.078436496928351    0.7199992671131973    0.0057131172771952565    -0.0225594887355915    -0.3058715096098384    -4.012811379871218
-0.034725740169398674    0.06318205446517844    0.03915081529098543    0.051827453848012725     0.054817613205843475    0.06250427684355621    0.02364254259683864    -3.9954117071822886    -4.007687455510809    -3.995411152348411    -3.995411707182299    (-4.188487813172054-7.806255641895632e-17j)    -4.0041922467633775    -4.011463956151399    -4.1229737293512745    0.7158975418885443    0.011865705114174726    -0.009082391568874491    -0.29107600076376866    -4.007687455510809
-0.034725740169398674    0.06318205446517844    0.03915081529098543    0.05618186970060894     0.054817613205843475    0.06250427684355621    0.029898240956009202    -3.9954117071822886    -3.992650191517926    -3.995411152348411    -3.995411707182299    (-4.050331178015892-1.0425154499072937e-16j)    -4.0041922467633775    -4.011463956151399    -4.156969408859975    0.7434376969683573    0.004248215411247739    -0.005273646717411001    -0.2888786479648474    -3.9926501915179258
-0.034725740169398674    0.06318205446517844    0.03915081529098543    0.05227776154139485     0.054817613205843475    0.06250427684355621    0.028235963984910545    -3.9954117071822886    -3.9912377490280897    -3.995411152348411    -3.995411707182299    (-4.603592227168669+3.840136760316142e-17j)    -4.0041922467633775    -4.011463956151399    -4.145786691053843    0.7292281488686665    -0.002783313545300258    -0.0026368233587055253    -0.2792102956495939    -3.9912377490280897
-0.034725740169398674    0.06318205446517844    0.03915081529098543    0.05325624687347178     0.054817613205843475    0.06250427684355621    0.05146831438514703    -3.9954117071822886    -3.9995417720922415    -3.995411152348411    -3.995411707182299    (-3.5268498057709934-1.8041124150158794e-16j)    -4.0041922467633775    -4.011463956151399    -4.151718948700417    0.7276167568161243    -0.005127156530816234    0.000878941119568511    -0.3052855488634594    -3.999541772092242
-0.034725740169398674    0.06318205446517844    0.03915081529098543    0.05216479075642923     0.054817613205843475    0.06250427684355621    0.03770782747072925    -3.9954117071822886    -3.9939055978326725    -3.995411152348411    -3.995411707182299    (-3.6421449022848886+6.645256161832352e-18j)    -4.0041922467633775    -4.011463956151399    -4.10897055962513    0.7362596778252145    -0.003515764478273993    -0.003662254664868761    -0.2997189217728589    -3.9939055978326725
-0.034725740169398674    0.06318205446517844    0.03915081529098543    0.054097958471313795     0.054817613205843475    0.06250427684355621    0.050951130030584345    -3.9954117071822886    -4.000594048182007    -3.995411152348411    -3.995411707182299    (-3.2469600956903104+1.789691137061944e-17j)    -4.0041922467633775    -4.011463956151399    -4.121322422951234    0.7304000703614245    -0.002636823358705496    -0.0027833135453002294    -0.3044066077438909    -4.000594048182008
-0.034725740169398674    0.06318205446517844    0.03915081529098543    0.0515425609652677     0.054817613205843475    0.06250427684355621    0.023466057012864867    -3.9954117071822886    -4.001406538164243    -3.995411152348411    -3.995411707182299    (-3.821115862855441-3.390188212905579e-17j)    -4.0041922467633775    -4.011463956151399    -4.155270219869765    0.7343553053994828    -0.00820345044930599    -0.0011719214927579896    -0.28492341292678913    -4.001406538164243
-0.034725740169398674    0.06318205446517844    0.03915081529098543    0.04820829076484627     0.054817613205843475    0.06250427684355621    0.05687941241807274    -3.9954117071822886    -3.9936187818258735    -3.995411152348411    -3.995411707182299    (-4.453391178579128-2.4223683567839355e-16j)    -4.0041922467633775    -4.011463956151399    -4.197048532232811    0.7205852278595762    0.01494199903266449    -0.0043947055978425095    -0.3011838236388064    -3.9936187818258735
-0.034725740169398674    0.06318205446517844    0.03915081529098543    0.05117888402280288     0.054817613205843475    0.06250427684355621    0.03168838991410342    -3.9954117071822886    -4.005014621924301    -3.995411152348411    -3.995411707182299    (-3.558611178007842+2.0851341050687502e-17j)    -4.0041922467633775    -4.011463956151399    -4.11150177855901    0.7208782082327657    -0.006006097650384735    0.006885038769953244    -0.31217058763341266    -4.005014621924301
-0.034725740169398674    0.06318205446517844    0.03915081529098543    0.05470573805170678     0.054817613205843475    0.06250427684355621    0.04586799809083156    -3.9954117071822886    -3.9926202417645564    -3.995411152348411    -3.995411707182299    (-4.723811757508191+3.70722316909772e-17j)    -4.0041922467633775    -4.011463956151399    -4.123118701988286    0.7381640502509462    -0.017578822391370003    0.005127156530816259    -0.27408313911877763    -3.992620241764556
-0.034725740169398674    0.06318205446517844    0.03915081529098543    0.05521635964970099     0.054817613205843475    0.06250427684355621    0.0774257431407458    -3.9954117071822886    -4.004643292060334    -3.995411152348411    -3.995411707182299    (-3.316285442252955+7.097411382003298e-17j)    -4.0041922467633775    -4.011463956151399    -4.1341441199194335    0.7282027175625032    0.002636823358705518    0.01069378362141675    -0.27877082508980966    -4.004643292060334
-0.034725740169398674    0.06318205446517844    0.03915081529098543    0.05057913322919716     0.054817613205843475    0.06250427684355621    0.007269816466976237    -3.9954117071822886    -3.992202251675758    -3.995411152348411    -3.995411707182299    (-3.5442903415731504+1.1993515636821545e-17j)    -4.0041922467633775    -4.011463956151399    -4.133535690594037    0.740654383423057    -0.009375371942063991    -0.020069155563480753    -0.29254090262971616    -3.992202251675758
-0.034725740169398674    0.06318205446517844    0.03915081529098543    0.056329377453428336     0.054817613205843475    0.06250427684355621    0.04790194095802596    -3.9954117071822886    -3.9888553820900046    -3.995411152348411    -3.995411707182299    (-4.422607282098429+2.5273108664571582e-18j)    -4.0041922467633775    -4.011463956151399    -4.093195671678318    0.7352342465190512    -0.020508626123265008    0.0051271565308162684    -0.3038206469975119    -3.988855382090004
-0.034725740169398674    0.06318205446517844    0.03915081529098543    0.054561768464522535     0.054817613205843475    0.06250427684355621    -0.015383579924475768    -3.9954117071822886    -3.9913957606841723    -3.995411152348411    -3.995411707182299    (-3.983429435662341+1.5453993805695193e-16j)    -4.0041922467633775    -4.011463956151399    -4.105048098032226    0.742998226408573    -0.012744646233743228    0.012158685487364252    -0.29444527505544793    -3.991395760684173
-0.034725740169398674    0.06318205446517844    0.03915081529098543    0.052162727050711954     0.054817613205843475    0.06250427684355621    0.04789477477873654    -3.9954117071822886    -3.9923707110931637    -3.995411152348411    -3.995411707182299    (-3.545400521330265+1.5503342805740007e-16j)    -4.0041922467633775    -4.011463956151399    -4.207819040739949    0.7280562273759085    0.0058596074637900135    -0.006445568210169002    -0.2868277853525209    -3.9923707110931637
-0.034725740169398674    0.06318205446517844    0.03915081529098543    0.058917820918974274     0.054817613205843475    0.06250427684355621    0.08763991761406181    -3.9954117071822886    -3.994135913381215    -3.995411152348411    -3.995411707182299    (-4.101265642572383-1.5424084066691974e-16j)    -4.0041922467633775    -4.011463956151399    -4.118140093165739    0.741826304915815    -0.003076293918489747    0.011572724740985245    -0.2991329610264799    -3.994135913381215
-0.034725740169398674    0.06318205446517844    0.03915081529098543    0.053361886356054676     0.054817613205843475    0.06250427684355621    0.052186886045437496    -3.9954117071822886    -3.9922109927183724    -3.995411152348411    -3.995411707182299    (-3.344947480862741-5.855893901755787e-17j)    -4.0041922467633775    -4.011463956151399    -4.195035856136387    0.7245404628976345    0.005859607463789978    -0.010107822875037744    -0.28228658956808367    -3.992210992718372
-0.034725740169398674    0.06318205446517844    0.03915081529098543    0.05373929464048457     0.054817613205843475    0.06250427684355621    0.08877633103001002    -3.9954117071822886    -3.995182761276649    -3.995411152348411    -3.995411707182299    (-2.586352445910661+4.227640211890762e-17j)    -4.0041922467633775    -4.011463956151399    -4.078716665730189    0.7570612843216691    -0.021680547616023012    -0.001025431306163229    -0.3073364114757859    -3.995182761276649
-0.034725740169398674    0.06318205446517844    0.03915081529098543    0.054967154628934395     0.054817613205843475    0.06250427684355621    0.043339483422368756    -3.9954117071822886    -3.9993326430333664    -3.995411152348411    -3.995411707182299    (-3.7394084576709847+1.0999359624235695e-34j)    -4.0041922467633775    -4.011463956151399    -4.125440348849079    0.7258588745769873    0.0027833135453002185    -0.017139351831585773    -0.2972285886007482    -3.9993326430333664
-0.034725740169398674    0.06318205446517844    0.03915081529098543    0.055639089703392194     0.054817613205843475    0.06250427684355621    0.024945717835973998    -3.9954117071822886    -3.9841505315069643    -3.995411152348411    -3.995411707182299    (-3.6282246743741524+1.1260747724347637e-16j)    -4.0041922467633775    -4.011463956151399    -4.086933087771429    0.7384570306241357    0.014795508846069757    0.00029298037318947507    -0.27408313911877763    -3.9841505315069643
-0.034725740169398674    0.06318205446517844    0.03915081529098543    0.054388629709938206     0.054817613205843475    0.06250427684355621    0.016739023981144248    -3.9954117071822886    -4.000366883310755    -3.995411152348411    -3.995411707182299    (-4.381101452185611+1.2305741116001253e-17j)    -4.0041922467633775    -4.011463956151399    -4.075174849151882    0.7308395409212087    -0.0016113920525422582    0.020655116309859764    -0.30660396054281214    -4.000366883310755
-0.034725740169398674    0.06318205446517844    0.03915081529098543    0.05530813787819247     0.054817613205843475    0.06250427684355621    0.013918679848158953    -3.9954117071822886    -4.000833610958748    -3.995411152348411    -3.995411707182299    (-4.057737726527353+5.551115123125783e-17j)    -4.0041922467633775    -4.011463956151399    -4.163572336595054    0.7245404628976345    -0.0017578822391369825    -0.0010254313061632545    -0.2963496474811797    -4.000833610958748
-0.034725740169398674    0.06318205446517844    0.03915081529098543    0.04929730278255021     0.054817613205843475    0.06250427684355621    0.058322462103772094    -3.9954117071822886    -3.9881791565195512    -3.995411152348411    -3.995411707182299    (-4.015695517718889-8.594358640836e-17j)    -4.0041922467633775    -4.011463956151399    -4.131607655063201    0.7624814212256747    -0.0005859607463789908    -0.012012195300769501    -0.3010373334522117    -3.9881791565195512
-0.034725740169398674    0.06318205446517844    0.03915081529098543    0.05515279930644659     0.054817613205843475    0.06250427684355621    0.07841455864032987    -3.9954117071822886    -3.989314697752    -3.995411152348411    -3.995411707182299    (-4.276732127945639-1.0408340855860843e-16j)    -4.0041922467633775    -4.011463956151399    -4.065872982466914    0.7321579526005615    0.0029298037318950133    -0.00146490186594751    -0.28668129516592616    -3.989314697752
-0.034725740169398674    0.06318205446517844    0.03915081529098543    0.05251590968517446     0.054817613205843475    0.06250427684355621    0.021848404288229033    -3.9954117071822886    -3.990001233214601    -3.995411152348411    -3.995411707182299    (-3.4825144018366387+1.438324998110589e-16j)    -4.0041922467633775    -4.011463956151399    -4.150923411566927    0.7468069712600365    -0.003369274291679261    -0.002343842985515991    -0.29708209841415345    -3.990001233214601
-0.034725740169398674    0.06318205446517844    0.03915081529098543    0.057939709857438494     0.054817613205843475    0.06250427684355621    0.025593512923030776    -3.9954117071822886    -3.9957603068561025    -3.995411152348411    -3.995411707182299    (-3.4005585275902686+3.846301386152196e-17j)    -4.0041922467633775    -4.011463956151399    -4.063616728149688    0.7308395409212087    -0.002197352798921253    -0.004980666344221516    -0.30015839233264313    -3.995760306856102
-0.034725740169398674    0.06318205446517844    0.03915081529098543    0.05283022823746836     0.054817613205843475    0.06250427684355621    0.029835157306689612    -3.9954117071822886    -3.986572477056033    -3.995411152348411    -3.995411707182299    (-3.4348878779851404+8.752876118932071e-17j)    -4.0041922467633775    -4.011463956151399    -4.096941598238679    0.73303689372013    -0.011279744367795755    -0.002197352798921268    -0.2887321577782527    -3.986572477056033
-0.034725740169398674    0.06318205446517844    0.03915081529098543    0.055183071133617596     0.054817613205843475    0.06250427684355621    0.031455028634303044    -3.9954117071822886    -4.006927962995292    -3.995411152348411    -3.995411707182299    (-3.327091323321415-1.5027790371451798e-16j)    -4.0041922467633775    -4.011463956151399    -4.079190297564569    0.7128212479700544    0.018018292951154227    0.013916567726501251    -0.2941522946822584    -4.0069279629952925
-0.034725740169398674    0.06318205446517844    0.03915081529098543    0.05506497592891003     0.054817613205843475    0.06250427684355621    0.06133303410612086    -3.9954117071822886    -3.9984895578313884    -3.995411152348411    -3.995411707182299    (-3.689747846557456-2.444464614177137e-16j)    -4.0041922467633775    -4.011463956151399    -4.119449074228399    0.7368456385715935    0.010107822875037744    0.002490333172110748    -0.2906365302039844    -3.998489557831389
-0.034725740169398674    0.06318205446517844    0.03915081529098543    0.055743578800261845     0.054817613205843475    0.06250427684355621    0.02788499249024593    -3.9954117071822886    -3.989863338847972    -3.995411152348411    -3.995411707182299    (-4.22560544425267-4.416067428990053e-17j)    -4.0041922467633775    -4.011463956151399    -4.118709558928057    0.7481253829393892    -0.005127156530816261    0.009375371942063993    -0.30675045072940693    -3.989863338847972
-0.034725740169398674    0.06318205446517844    0.03915081529098543    0.05350477563713513     0.054817613205843475    0.06250427684355621    0.07027686674844619    -3.9954117071822886    -3.9928598909086848    -3.995411152348411    -3.995411707182299    (-4.642705597501131+3.043243517710218e-17j)    -4.0041922467633775    -4.011463956151399    -4.073721048229206    0.7396289521168937    0.0033692742916792526    -0.005713117277195231    -0.2874137460988999    -3.9928598909086848
-0.034725740169398674    0.06318205446517844    0.03915081529098543    0.04979797391365457     0.054817613205843475    0.06250427684355621    0.03165755376991963    -3.9954117071822886    -3.99794382813133    -3.995411152348411    -3.995411707182299    (-4.060979376031197+1.461570188848102e-16j)    -4.0041922467633775    -4.011463956151399    -4.110626184262346    0.7380175600643515    -0.005713117277195255    -0.016553391085206755    -0.2938593143090689    -3.9979438281313304
-0.034725740169398674    0.06318205446517844    0.03915081529098543    0.05087228182537443     0.054817613205843475    0.06250427684355621    0.0273160416145156    -3.9954117071822886    -3.994730504535238    -3.995411152348411    -3.995411707182299    (-4.606072261899719-7.097411382003298e-17j)    -4.0041922467633775    -4.011463956151399    -4.085747779545464    0.7317184820407773    0.0021973527989212613    -0.008642921009090239    -0.2841909619938154    -3.9947305045352377
-0.034725740169398674    0.06318205446517844    0.03915081529098543    0.05396154694645876     0.054817613205843475    0.06250427684355621    0.008297846854741272    -3.9954117071822886    -3.988955650810479    -3.995411152348411    -3.995411707182299    (-4.523280679780305+8.073941598042958e-17j)    -4.0041922467633775    -4.011463956151399    -4.0748326800712    0.7456350497672786    0.012451665860553743    -0.0016113920525422346    -0.2957636867348007    -3.9889556508104795
-0.034725740169398674    0.06318205446517844    0.03915081529098543    0.051409453124679275     0.054817613205843475    0.06250427684355621    0.03528107878886727    -3.9954117071822886    -3.9838849005605015    -3.995411152348411    -3.995411707182299    (-4.8754971497691315-2.915830926591197e-16j)    -4.0041922467633775    -4.011463956151399    -4.104269213981537    0.745928030140468    -0.0073245093297374855    0.01098676399460625    -0.30279521569134865    -3.9838849005605015
-0.034725740169398674    0.06318205446517844    0.03915081529098543    0.05428932192001456     0.054817613205843475    0.06250427684355621    0.013178793465996918    -3.9954117071822886    -3.998944927315858    -3.995411152348411    -3.995411707182299    (-3.671624686008226+8.941303336031361e-17j)    -4.0041922467633775    -4.011463956151399    -4.161370269826236    0.730693050734614    -0.011719214927579989    -0.005713117277195247    -0.30572501942324365    -3.998944927315858
-0.034725740169398674    0.06318205446517844    0.03915081529098543    0.051100372912353115     0.054817613205843475    0.06250427684355621    -0.024306262746544623    -3.9954117071822886    -4.008474613640974    -3.995411152348411    -3.995411707182299    (-4.1807824034562895+7.925873904803513e-19j)    -4.0041922467633775    -4.011463956151399    -4.195910924046984    0.7082800521856172    0.00805696026271125    -0.020508626123265015    -0.2877067264720894    -4.008474613640973
-0.034725740169398674    0.06318205446517844    0.03915081529098543    0.05287511289440366     0.054817613205843475    0.06250427684355621    0.04054393938136833    -3.9954117071822886    -3.9929801701138885    -3.995411152348411    -3.995411707182299    (-4.612197991784258-1.8373113975852546e-16j)    -4.0041922467633775    -4.011463956151399    -4.084426440049214    0.745342069394089    -0.0032227841050844978    -0.0007324509329737621    -0.3041136273707014    -3.9929801701138885
-0.034725740169398674    0.06318205446517844    0.03915081529098543    0.05195116497629125     0.054817613205843475    0.06250427684355621    0.03186886399070194    -3.9954117071822886    -3.9880611306378655    -3.995411152348411    -3.995411707182299    (-4.195073828329878+7.870559511442057e-17j)    -4.0041922467633775    -4.011463956151399    -4.115635644290901    0.7419727951024098    0.0008789411195685141    -0.0010254313061632502    -0.3118776072602232    -3.9880611306378655
-0.034725740169398674    0.06318205446517844    0.03915081529098543    0.05174182386534017     0.054817613205843475    0.06250427684355621    0.040044269003296454    -3.9954117071822886    -3.9930066588790467    -3.995411152348411    -3.995411707182299    (-3.018442897972043+2.1005108928820975e-16j)    -4.0041922467633775    -4.011463956151399    -4.141785467663228    0.7381640502509462    0.002783313545300256    -0.011133254181201    -0.2992794512130747    -3.9930066588790467
-0.034725740169398674    0.06318205446517844    0.03915081529098543    0.05131881058581562     0.054817613205843475    0.06250427684355621    0.057111466842817885    -3.9954117071822886    -3.991286512900391    -3.995411152348411    -3.995411707182299    (-3.653169758894375-2.3070215468143528e-16j)    -4.0041922467633775    -4.011463956151399    -4.158687416179397    0.7364061680118092    -0.003369274291679262    -0.005566627090600512    -0.28521639329997867    -3.991286512900391
-0.034725740169398674    0.06318205446517844    0.03915081529098543    0.05291272039064211     0.054817613205843475    0.06250427684355621    -0.019242081061619527    -3.9954117071822886    -4.000292480950034    -3.995411152348411    -3.995411707182299    (-4.440269150704566+3.3198982569375098e-18j)    -4.0041922467633775    -4.011463956151399    -4.121458852865398    0.723075561031687    -0.010254313061632495    0.030030488251923754    -0.2938593143090689    -4.000292480950034
-0.034725740169398674    0.06318205446517844    0.03915081529098543    0.05677276029207012     0.054817613205843475    0.06250427684355621    0.051823362892397536    -3.9954117071822886    -3.9864909390728736    -3.995411152348411    -3.995411707182299    (-4.723366341750639+1.1686951158591031e-16j)    -4.0041922467633775    -4.011463956151399    -4.0951856756936476    0.7473929320064155    -0.010693783621416729    0.007031528956548019    -0.2918084516967424    -3.986490939072874
-0.034725740169398674    0.06318205446517844    0.03915081529098543    0.0533704109517396     0.054817613205843475    0.06250427684355621    0.033212854743983534    -3.9954117071822886    -3.9938722180135104    -3.995411152348411    -3.995411707182299    (-3.518758960935152+9.61575346538049e-18j)    -4.0041922467633775    -4.011463956151399    -4.0689465753710365    0.7421192852890045    -0.011133254181200989    -0.002490333172110731    -0.2963496474811797    -3.993872218013511
-0.034725740169398674    0.06318205446517844    0.03915081529098543    0.05460399914421682     0.054817613205843475    0.06250427684355621    0.03102628064797241    -3.9954117071822886    -3.99684947214205    -3.995411152348411    -3.995411707182299    (-4.57741111142855+1.510704911049983e-16j)    -4.0041922467633775    -4.011463956151399    -4.112422431632211    0.7304000703614245    -0.02153405742942825    0.012305175673959003    -0.28023572695575716    -3.99684947214205
-0.034725740169398674    0.06318205446517844    0.03915081529098543    0.05110454603054911     0.054817613205843475    0.06250427684355621    0.08193899341630205    -3.9954117071822886    -3.998734014367385    -3.995411152348411    -3.995411707182299    (-3.4666337676590366-1.5503342805740007e-16j)    -4.0041922467633775    -4.011463956151399    -4.107681620880044    0.7378710698777567    -0.013916567726501246    -0.018164783137749014    -0.3020627647583749    -3.998734014367385
