HF    CCSD    FCI    CS_CCSD    FCI_CCSD    FCI_CCSDT    Pauli_group_qwc     e_fci    e_cs_ccsd    e_fci_ccsd    fci_rdm_energy    qwc_rdm_energy    ci_sd_rdm_energy    ci_sdt_rdm_energy    cs_sd_rdm_energy    c0    c10    c01    c2    e_proj
-0.0012852634478951238    0.04599372922980679    0.03545920425935943    0.04507705649052601     0.04429391603500293    0.04392386095781263    0.03705209080256994    -1.9961503255188084    -2.0038479150121136    -1.9961503255188084    -1.9961503255188076    (-2.012162805940525-1.3132982560505545e-18j)    -1.9975995854388016    -1.9982851153947516    -1.998591472727996    0.8629490771259062    0.00014706016992602656    0.010588332234673698    -0.33750308998022405    -2.0038479150121136
-0.0012852634478951238    0.04599372922980679    0.03545920425935943    0.0464877072066074     0.04429391603500293    0.04392386095781263    0.02763962251759467    -1.9961503255188084    -1.9938416058291413    -1.9961503255188084    -1.9961503255188076    (-1.9153271396869207-4.74597826080032e-18j)    -1.9975995854388016    -1.9982851153947516    -1.9980791352559275    0.8583902118581994    -0.012500114443712    0.0169119195414927    -0.3155911246612465    -1.9938416058291413
-0.0012852634478951238    0.04599372922980679    0.03545920425935943    0.04536676322134602     0.04429391603500293    0.04392386095781263    0.02663795560477418    -1.9961503255188084    -1.9975121592865903    -1.9961503255188084    -1.9961503255188076    (-2.0195403815664132-2.1287129527919736e-17j)    -1.9975995854388016    -1.9982851153947516    -1.9958128211802557    0.8463312779242655    0.0002941203398520438    0.012500114443711999    -0.32235589247784363    -1.9975121592865903
-0.0012852634478951238    0.04599372922980679    0.03545920425935943    0.04392595978970596     0.04429391603500293    0.04392386095781263    0.02968225735686449    -1.9961503255188084    -1.9934340615933108    -1.9961503255188084    -1.9961503255188076    (-1.9980247371438358-1.1907840423738624e-17j)    -1.9975995854388016    -1.9982851153947516    -1.9986758140253773    0.8672138220537609    0.015147197502380432    0.01838252124075293    -0.31117931956346584    -1.9934340615933106
-0.0012852634478951238    0.04599372922980679    0.03545920425935943    0.04484734394916257     0.04429391603500293    0.04392386095781263    0.04766064697184651    -1.9961503255188084    -1.9907987233343518    -1.9961503255188084    -1.9961503255188076    (-1.973364851663129-2.2827643243172345e-17j)    -1.9975995854388016    -1.9982851153947516    -1.9965858024088705    0.874125650040284    -0.01191187376400791    -0.004852985607558765    -0.3119146204130959    -1.9907987233343518
-0.0012852634478951238    0.04599372922980679    0.03545920425935943    0.042797548552043034     0.04429391603500293    0.04392386095781263    0.031229113089187542    -1.9961503255188084    -1.9905603682338449    -1.9961503255188084    -1.9961503255188076    (-1.9849837843540832+5.24093737513427e-18j)    -1.9975995854388016    -1.9982851153947516    -1.998929831205266    0.8611843550867939    -6.50537185746814e-20    0.012205994103859944    -0.3377972103200761    -1.9905603682338449
-0.0012852634478951238    0.04599372922980679    0.03545920425935943    0.04596962289651953     0.04429391603500293    0.04392386095781263    0.04230502728975043    -1.9961503255188084    -2.003076531245167    -1.9961503255188084    -1.9961503255188076    (-2.0019515026532444-1.84498204058555e-17j)    -1.9975995854388016    -1.9982851153947516    -1.9991337204676194    0.8545666474401229    0.0014706016992602274    -0.015000137332454401    -0.337356029810298    -2.0030765312451675
-0.0012852634478951238    0.04599372922980679    0.03545920425935943    0.04498181451798369     0.04429391603500293    0.04392386095781263    0.04353703525717378    -1.9961503255188084    -1.997366596586692    -1.9961503255188084    -1.9961503255188076    (-2.090848060723239+4.745741603219522e-17j)    -1.9975995854388016    -1.9982851153947516    -1.998373145348976    0.8703020856222073    -0.011617753424155854    0.010882452574525737    -0.32470885519666    -1.997366596586692
-0.0012852634478951238    0.04599372922980679    0.03545920425935943    0.046677848102213225     0.04429391603500293    0.04392386095781263    0.032044201057132876    -1.9961503255188084    -1.998073887990702    -1.9961503255188084    -1.9961503255188076    (-1.9344381962789008+3.197358906361743e-17j)    -1.9975995854388016    -1.9982851153947516    -1.9969214642321411    0.8611843550867939    -0.00750006866622719    0.022941386508459678    -0.3304442018237749    -1.9980738879907018
-0.0012852634478951238    0.04599372922980679    0.03545920425935943    0.0444388983619473     0.04429391603500293    0.04392386095781263    0.027537246334974872    -1.9961503255188084    -1.9968885329784007    -1.9961503255188084    -1.9961503255188076    (-2.0026841653560727+8.800015460727998e-18j)    -1.9975995854388016    -1.9982851153947516    -1.9968328669530977    0.8672138220537609    -0.008529489855709376    -0.011764813594081873    -0.3172087865304328    -1.9968885329784007
-0.0012852634478951238    0.04599372922980679    0.03545920425935943    0.043385207180733854     0.04429391603500293    0.04392386095781263    0.04187820676691999    -1.9961503255188084    -1.98710382803184    -1.9961503255188084    -1.9961503255188076    (-2.0357371149578634-3.0431194724001823e-17j)    -1.9975995854388016    -1.9982851153947516    -1.9974226903723014    0.8689785440928731    0.01294129495349007    0.007647128836153213    -0.32073823060865736    -1.98710382803184
-0.0012852634478951238    0.04599372922980679    0.03545920425935943    0.04608406194675395     0.04429391603500293    0.04392386095781263    0.030484714733343736    -1.9961503255188084    -1.9930903257372645    -1.9961503255188084    -1.9961503255188076    (-1.9592786430742493-1.0792999128583246e-17j)    -1.9975995854388016    -1.9982851153947516    -1.9974240474181637    0.8595666932176077    0.0052941661173368446    -0.01279423478356405    -0.33956193235918836    -1.9930903257372645
-0.0012852634478951238    0.04599372922980679    0.03545920425935943    0.0451407894941722     0.04429391603500293    0.04392386095781263    0.024136933988106606    -1.9961503255188084    -1.9930011099161138    -1.9961503255188084    -1.9961503255188076    (-2.0372670713726038-2.1051905619820712e-17j)    -1.9975995854388016    -1.9982851153947516    -1.9975620872886055    0.8636843779755363    0.013823655973046214    0.0004411805097780766    -0.31029695854390965    -1.993001109916114
4
-0.0012852634478951238    0.04599372922980679    0.03545920425935943    0.045780319558077015     0.04429391603500293    0.04392386095781263    0.03477147243412698    -1.9961503255188084    -1.9951822075354941    -1.9961503255188084    -1.9961503255188076    (-2.026891055798887-2.058145780362266e-17j)    -1.9975995854388016    -1.9982851153947516    -1.9968190477179841    0.8582431516882735    0.03323559840328132    -0.0013235415293342142    -0.3452972789863033    -1.9951822075354941
-0.0012852634478951238    0.04599372922980679    0.03545920425935943    0.04388341609613701     0.04429391603500293    0.04392386095781263    0.04219311054496658    -1.9961503255188084    -1.995836612281144    -1.9961503255188084    -1.9961503255188076    (-2.086660062679021-1.3270161276060978e-17j)    -1.9975995854388016    -1.9982851153947516    -1.9976438355416173    0.880890417856881    -0.027941432285944465    -0.0005882406797040957    -0.31220874075294797    -1.995836612281144
-0.0012852634478951238    0.04599372922980679    0.03545920425935943    0.04504768057507437     0.04429391603500293    0.04392386095781263    0.03544375809964398    -1.9961503255188084    -1.9941797251129545    -1.9961503255188084    -1.9961503255188076    (-2.017838348565875+3.8663608737439664e-18j)    -1.9975995854388016    -1.9982851153947516    -1.9987128961932519    0.8678020627334649    -0.0119118737640079    0.01338247546326814    -0.31691466619058073    -1.9941797251129543
-0.0012852634478951238    0.04599372922980679    0.03545920425935943    0.04437684632620663     0.04429391603500293    0.04392386095781263    0.03989116033416877    -1.9961503255188084    -1.9984599392690525    -1.9961503255188084    -1.9961503255188076    (-2.045052104906192+5.613339998788725e-18j)    -1.9975995854388016    -1.9982851153947516    -1.99749772522128    0.8451547965648574    -0.016617799201640665    0.01897076192045703    -0.3235323738372518    -1.9984599392690527
-0.0012852634478951238    0.04599372922980679    0.03545920425935943    0.04432849612015732     0.04429391603500293    0.04392386095781263    0.03670914562759246    -1.9961503255188084    -1.996533452325729    -1.9961503255188084    -1.9961503255188076    (-2.0082784320570233+2.3668613058661842e-18j)    -1.9975995854388016    -1.9982851153947516    -1.9988042139865598    0.8732432890207278    -0.00397062458800263    0.007794189006079239    -0.3473561213652676    -1.996533452325729
-0.0012852634478951238    0.04599372922980679    0.03545920425935943    0.045458504407575796     0.04429391603500293    0.04392386095781263    0.025968965779136537    -1.9961503255188084    -2.0003186491255507    -1.9961503255188084    -1.9961503255188076    (-1.916139451703366+1.734723475976807e-17j)    -1.9975995854388016    -1.9982851153947516    -1.997618283228888    0.849419541492712    -0.0011764813594081886    -0.0035294440782245675    -0.33823839082985413    -2.0003186491255507
-0.0012852634478951238    0.04599372922980679    0.03545920425935943    0.04505306557140949     0.04429391603500293    0.04392386095781263    0.030007823393148392    -1.9961503255188084    -1.9972324547344904    -1.9961503255188084    -1.9961503255188076    (-2.0381290403823287-5.253193024202221e-18j)    -1.9975995854388016    -1.9982851153947516    -1.9976130073183302    0.8591255127078296    0.0029412033985204804    -0.021029604299421353    -0.33691484930051996    -1.9972324547344902
-0.0012852634478951238    0.04599372922980679    0.03545920425935943    0.047134112979524447     0.04429391603500293    0.04392386095781263    0.04154243290910672    -1.9961503255188084    -1.9969336102493493    -1.9961503255188084    -1.9961503255188076    (-2.050431084287735+1.8239107795892375e-17j)    -1.9975995854388016    -1.9982851153947516    -1.9969956909612754    0.8553019482897529    0.010735392404599708    -0.0025000228887423963    -0.3266206374056983    -1.9969336102493493
-0.0012852634478951238    0.04599372922980679    0.03545920425935943    0.0447982454123277     0.04429391603500293    0.04392386095781263    0.03738986608390245    -1.9961503255188084    -1.988092624025286    -1.9961503255188084    -1.9961503255188076    (-1.9563710326695092-6.022509569647025e-18j)    -1.9975995854388016    -1.9982851153947516    -1.9988458102345117    0.8786845153079907    -0.004117684757928657    0.016323678861788617    -0.3195617492492492    -1.988092624025286
-0.0012852634478951238    0.04599372922980679    0.03545920425935943    0.04444113499746995     0.04429391603500293    0.04392386095781263    0.03149218859248809    -1.9961503255188084    -1.997979755268251    -1.9961503255188084    -1.9961503255188076    (-2.079968800255811-5.9098421522275e-18j)    -1.9975995854388016    -1.9982851153947516    -1.9962893688590873    0.8767727330989524    -0.009264790705339481    0.008382429685783335    -0.3261794568959202    -1.9979797552682512
-0.0012852634478951238    0.04599372922980679    0.03545920425935943    0.04279935184174841     0.04429391603500293    0.04392386095781263    0.03096067137224672    -1.9961503255188084    -1.9846866450883338    -1.9961503255188084    -1.9961503255188076    (-2.0325325890515757+1.2478059138288751e-18j)    -1.9975995854388016    -1.9982851153947516    -1.9980539168044653    0.867949122903391    -0.015441317842232459    0.0019117822090383004    -0.30147334834834827    -1.9846866450883338
-0.0012852634478951238    0.04599372922980679    0.03545920425935943    0.04487271393972138     0.04429391603500293    0.04392386095781263    0.03249924156906339    -1.9961503255188084    -1.9947494555297818    -1.9961503255188084    -1.9961503255188076    (-1.9668052587253495+2.379116954934134e-18j)    -1.9975995854388016    -1.9982851153947516    -1.9964462291962324    0.8767727330989524    0.003235323738372505    -0.008088309345931303    -0.32691475774555034    -1.9947494555297818
-0.0012852634478951238    0.04599372922980679    0.03545920425935943    0.04241318468901754     0.04429391603500293    0.04392386095781263    0.03331262374209768    -1.9961503255188084    -1.9890806308671836    -1.9961503255188084    -1.9961503255188076    (-2.0866846521580404-1.9689584767498357e-17j)    -1.9975995854388016    -1.9982851153947516    -1.9986252828899445    0.8704491457921334    0.004264744927854671    0.0011764813594081793    -0.31470876364169037    -1.9890806308671833
-0.0012852634478951238    0.04599372922980679    0.03545920425935943    0.04506063032977073     0.04429391603500293    0.04392386095781263    0.02786070229460066    -1.9961503255188084    -1.9935657860683738    -1.9961503255188084    -1.9961503255188076    (-1.8935956765351962-1.0359318259589044e-17j)    -1.9975995854388016    -1.9982851153947516    -1.9975433938496523    0.8728021085109497    -0.01823546107082692    0.022059025488903528    -0.3197088094191752    -1.9935657860683738
-0.0012852634478951238    0.04599372922980679    0.03545920425935943    0.04427872293912922     0.04429391603500293    0.04392386095781263    0.028291258720629413    -1.9961503255188084    -1.9906019834900217    -1.9961503255188084    -1.9961503255188076    (-1.9599825970984681+8.178658265550083e-18j)    -1.9975995854388016    -1.9982851153947516    -1.9965786243307018    0.8682432432432431    0.007794189006079249    -0.00838242968578334    -0.3136793424522082    -1.9906019834900217
-0.0012852634478951238    0.04599372922980679    0.03545920425935943    0.04266499010385556     0.04429391603500293    0.04392386095781263    0.029549544829591788    -1.9961503255188084    -1.995342917380013    -1.9961503255188084    -1.9961503255188076    (-1.9672971005900002+2.8833649963580444e-17j)    -1.9975995854388016    -1.9982851153947516    -1.9972718074218174    0.8685373635830951    -0.005588286457188877    0.00044118050977806937    -0.3305912619937009    -1.995342917380013
-0.0012852634478951238    0.04599372922980679    0.03545920425935943    0.04589857347110455     0.04429391603500293    0.04392386095781263    0.03720388399187374    -1.9961503255188084    -2.0019738559725724    -1.9961503255188084    -1.9961503255188076    (-1.964444701539024+8.227680861821885e-18j)    -1.9975995854388016    -1.9982851153947516    -1.9982972812273747    0.8573607906687173    0.00897067036548744    -0.008382429685783345    -0.3252970958763641    -2.0019738559725724
-0.0012852634478951238    0.04599372922980679    0.03545920425935943    0.043488473483477605     0.04429391603500293    0.04392386095781263    0.0354490717277774    -1.9961503255188084    -1.9976998560092463    -1.9961503255188084    -1.9961503255188076    (-2.0017050690509444-4.410342584349717e-18j)    -1.9975995854388016    -1.9982851153947516    -1.9981778661467113    0.8728021085109497    0.018382521240752934    -0.004558865267706725    -0.3336795255621474    -1.9976998560092463
-0.0012852634478951238    0.04599372922980679    0.03545920425935943    0.04412875837898559     0.04429391603500293    0.04392386095781263    0.029985527333362128    -1.9961503255188084    -1.998654793706572    -1.9961503255188084    -1.9961503255188076    (-1.9035197522632807+3.3591883873448714e-17j)    -1.9975995854388016    -1.9982851153947516    -1.9973374467205702    0.8545666474401229    0.014853077162528368    0.012500114443711983    -0.3277971187651065    -1.998654793706572
-0.0012852634478951238    0.04599372922980679    0.03545920425935943    0.04432696174235709     0.04429391603500293    0.04392386095781263    0.03342527271943313    -1.9961503255188084    -1.98875670392726    -1.9961503255188084    -1.9961503255188076    (-2.075269588914088+1.4039160753198998e-19j)    -1.9975995854388016    -1.9982851153947516    -1.9973678893348734    0.8753021313996922    -0.0025000228887423993    0.0020588423789643265    -0.31279698143265205    -1.9887567039272602
-0.0012852634478951238    0.04599372922980679    0.03545920425935943    0.042876921151     0.04429391603500293    0.04392386095781263    0.03957938418894432    -1.9961503255188084    -1.993037497846118    -1.9961503255188084    -1.9961503255188076    (-1.8327935027278368-2.2774373446729568e-17j)    -1.9975995854388016    -1.9982851153947516    -1.998240323219854    0.873831529700432    -0.0026470830586684184    -0.013676595803120197    -0.3341207060719255    -1.9930374978461178
-0.0012852634478951238    0.04599372922980679    0.03545920425935943    0.04397691527820538     0.04429391603500293    0.04392386095781263    0.026060542423257685    -1.9961503255188084    -1.9954825965234724    -1.9961503255188084    -1.9961503255188076    (-2.008120389562112-1.0246650842169516e-17j)    -1.9975995854388016    -1.9982851153947516    -1.9976256103073102    0.8676550025635389    0.00029412033985204953    -0.009117730535413452    -0.3304442018237749    -1.9954825965234724
-0.0012852634478951238    0.04599372922980679    0.03545920425935943    0.04424130192984895     0.04429391603500293    0.04392386095781263    0.033239291984193134    -1.9961503255188084    -1.995753063885672    -1.9961503255188084    -1.9961503255188076    (-2.0471717860769156-4.819512155208019e-18j)    -1.9975995854388016    -1.9982851153947516    -1.9973285074389553    0.8838316212554015    -2.602148742987256e-18    -9.107520600455396e-19    -0.330738322163627    -1.9957530638856718
-0.0012852634478951238    0.04599372922980679    0.03545920425935943    0.04369861787181815     0.04429391603500293    0.04392386095781263    0.04115116791844801    -1.9961503255188084    -1.99716550834157    -1.9961503255188084    -1.9961503255188076    (-1.8976808889333623-1.9331804368719847e-18j)    -1.9975995854388016    -1.9982851153947516    -1.997899506880656    0.849419541492712    -0.015735438182084536    -0.00382356441807662    -0.3329442247125173    -1.99716550834157
-0.0012852634478951238    0.04599372922980679    0.03545920425935943    0.042886351968899436     0.04429391603500293    0.04392386095781263    0.035426923860589474    -1.9961503255188084    -1.9911051705844447    -1.9961503255188084    -1.9961503255188076    (-1.8815786215358186-3.6639905605476075e-17j)    -1.9975995854388016    -1.9982851153947516    -1.9972304509357177    0.8691256042627992    0.010441272064747662    -0.0013235415293342148    -0.31838526788984095    -1.9911051705844447
-0.0012852634478951238    0.04599372922980679    0.03545920425935943    0.04638410231221469     0.04429391603500293    0.04392386095781263    0.0311762854132814    -1.9961503255188084    -2.0040341208129604    -1.9961503255188084    -1.9961503255188076    (-1.977345728001767+1.519108606386501e-17j)    -1.9975995854388016    -1.9982851153947516    -1.997545659700819    0.8414782923167068    0.009264790705339473    -0.007353008496301162    -0.30706163480553716    -2.0040341208129604
-0.0012852634478951238    0.04599372922980679    0.03545920425935943    0.043268736698127     0.04429391603500293    0.04392386095781263    0.039280762922551095    -1.9961503255188084    -1.997232148825563    -1.9961503255188084    -1.9961503255188076    (-1.9274600623504057-2.2551405187698492e-17j)    -1.9975995854388016    -1.9982851153947516    -1.9990958357099635    0.849272481322786    -0.0027941432285944383    0.014706016992602357    -0.3229441331575477    -1.997232148825563
-0.0012852634478951238    0.04599372922980679    0.03545920425935943    0.046364744499141866     0.04429391603500293    0.04392386095781263    0.03347135620910386    -1.9961503255188084    -1.9985026165513096    -1.9961503255188084    -1.9961503255188076    (-2.034057877396428-2.951481038974162e-17j)    -1.9975995854388016    -1.9982851153947516    -1.9978482865243627    0.8632431974657583    -0.009705971215117551    -0.009411850875265497    -0.35220910697282637    -1.9985026165513098
-0.0012852634478951238    0.04599372922980679    0.03545920425935943    0.04425327454650553     0.04429391603500293    0.04392386095781263    0.03620311363964098    -1.9961503255188084    -1.9901684468635494    -1.9961503255188084    -1.9961503255188076    (-2.0613371317004927+1.8721811261158375e-17j)    -1.9975995854388016    -1.9982851153947516    -1.995835345092257    0.8628020169559801    0.010441272064747674    0.0019117822090383252    -0.3154440644913205    -1.9901684468635494
-0.0012852634478951238    0.04599372922980679    0.03545920425935943    0.04408191053778561     0.04429391603500293    0.04392386095781263    0.02894753120581076    -1.9961503255188084    -1.9953253956655035    -1.9961503255188084    -1.9961503255188076    (-1.9436036028703416-2.055694650548676e-17j)    -1.9975995854388016    -1.9982851153947516    -1.9978997979814683    0.8580960915183474    0.005147105947410825    -0.002941203398520467    -0.3130911017725041    -1.9953253956655037
-0.0012852634478951238    0.04599372922980679    0.03545920425935943    0.044442936254014236     0.04429391603500293    0.04392386095781263    0.030756720099637678    -1.9961503255188084    -1.998286342290058    -1.9961503255188084    -1.9961503255188076    (-2.0244875045914914+7.0675782191207e-18j)    -1.9975995854388016    -1.9982851153947516    -1.9954480624685886    0.8654491000146486    -0.0014706016992602415    -0.014706016992602348    -0.33765015015015004    -1.9982863422900579
-0.0012852634478951238    0.04599372922980679    0.03545920425935943    0.044690293718053324     0.04429391603500293    0.04392386095781263    0.037433226793882224    -1.9961503255188084    -1.9991359996144336    -1.9961503255188084    -1.9961503255188076    (-1.9345973452448133+3.964406066287565e-18j)    -1.9975995854388016    -1.9982851153947516    -1.9976643187689134    0.8586843321980515    -0.004264744927854687    0.002941203398520471    -0.318679388229693    -1.9991359996144336
-0.0012852634478951238    0.04599372922980679    0.03545920425935943    0.04455385924413657     0.04429391603500293    0.04392386095781263    0.02900582083960617    -1.9961503255188084    -1.9920210194582413    -1.9961503255188084    -1.9961503255188076    (-2.0038924302238414-5.414883037893548e-18j)    -1.9975995854388016    -1.9982851153947516    -1.997158673931395    0.8628020169559801    0.008676550025635386    -0.010000091554969592    -0.32823829927488457    -1.9920210194582413
-0.0012852634478951238    0.04599372922980679    0.03545920425935943    0.04382294785869054     0.04429391603500293    0.04392386095781263    0.03516901022297564    -1.9961503255188084    -2.000268846506934    -1.9961503255188084    -1.9961503255188076    (-2.0099063344387442-1.6857008797050081e-18j)    -1.9975995854388016    -1.9982851153947516    -1.9977205923054644    0.8722138678312457    0.005735346627114926    -0.012941294953490065    -0.33941487218926236    -2.000268846506934
-0.0012852634478951238    0.04599372922980679    0.03545920425935943    0.04446327788374142     0.04429391603500293    0.04392386095781263    0.03914991037383074    -1.9961503255188084    -1.9985163570253235    -1.9961503255188084    -1.9961503255188076    (-1.9198214157267781-1.3478993261661106e-17j)    -1.9975995854388016    -1.9982851153947516    -1.9973333936515663    0.8708903263019114    -0.0022059025488903525    -0.014264836482824278    -0.3323559840328132    -1.9985163570253235
-0.0012852634478951238    0.04599372922980679    0.03545920425935943    0.045324784026185325     0.04429391603500293    0.04392386095781263    0.028935211224104047    -1.9961503255188084    -1.9925199093532444    -1.9961503255188084    -1.9961503255188076    (-2.1027951537817637-1.7979372589657447e-17j)    -1.9975995854388016    -1.9982851153947516    -1.9987655501166417    0.868390303413169    0.0017647220391122773    0.010441272064747677    -0.3116205000732439    -1.9925199093532442
-0.0012852634478951238    0.04599372922980679    0.03545920425935943    0.045922220978195004     0.04429391603500293    0.04392386095781263    0.029865691875477943    -1.9961503255188084    -1.9923218326937089    -1.9961503255188084    -1.9961503255188076    (-2.1012623616838373-1.1251191295713347e-17j)    -1.9975995854388016    -1.9982851153947516    -1.9968326191466361    0.8782433347982126    0.007058888156449121    0.00808830934593129    -0.32573827638614217    -1.9923218326937089
-0.0012852634478951238    0.04599372922980679    0.03545920425935943    0.04606078453988134     0.04429391603500293    0.04392386095781263    0.033738083680355524    -1.9961503255188084    -2.001238650239172    -1.9961503255188084    -1.9961503255188076    (-1.9971221417714835+1.6504384319915568e-17j)    -1.9975995854388016    -1.9982851153947516    -1.9968268087949235    0.855596068629605    0.009264790705339485    0.006176527136892984    -0.3479443620449717    -2.001238650239172
-0.0012852634478951238    0.04599372922980679    0.03545920425935943    0.04258878022188852     0.04429391603500293    0.04392386095781263    0.035058434694963926    -1.9961503255188084    -1.9942096083237482    -1.9961503255188084    -1.9961503255188076    (-2.0494291240565166+7.583287382864557e-18j)    -1.9975995854388016    -1.9982851153947516    -1.997087899006425    0.8676550025635389    0.018529581410678966    -0.013823655973046212    -0.3305912619937009    -1.9942096083237482
-0.0012852634478951238    0.04599372922980679    0.03545920425935943    0.046158335462405484     0.04429391603500293    0.04392386095781263    0.027771121263542455    -1.9961503255188084    -1.9889740615816174    -1.9961503255188084    -1.9961503255188076    (-2.012859600225358-2.951481038974162e-17j)    -1.9975995854388016    -1.9982851153947516    -1.9976570703523562    0.868390303413169    -0.013235415293342117    -0.016764859371566684    -0.3175029068702848    -1.9889740615816176
-0.0012852634478951238    0.04599372922980679    0.03545920425935943    0.04310749739068782     0.04429391603500293    0.04392386095781263    0.033190280924864195    -1.9961503255188084    -1.9963392559098068    -1.9961503255188084    -1.9961503255188076    (-1.979629825847466+2.389534256641892e-17j)    -1.9975995854388016    -1.9982851153947516    -1.9972445146649753    0.8585372720281255    0.013970716142972227    -0.0005882406797040954    -0.3135322822822822    -1.996339255909807
-0.0012852634478951238    0.04599372922980679    0.03545920425935943    0.04259190202811392     0.04429391603500293    0.04392386095781263    0.040877592336353345    -1.9961503255188084    -1.998617876641662    -1.9961503255188084    -1.9961503255188076    (-1.9507167698229213+1.9714096065634254e-17j)    -1.9975995854388016    -1.9982851153947516    -1.9965835604361097    0.8463312779242655    -0.00014706016992601856    0.003823564418076599    -0.33559130777118573    -1.998617876641662
-0.0012852634478951238    0.04599372922980679    0.03545920425935943    0.04378452491397721     0.04429391603500293    0.04392386095781263    0.04406031610162166    -1.9961503255188084    -1.9983832044122465    -1.9961503255188084    -1.9961503255188076    (-1.965572811755877+1.8226852146824423e-17j)    -1.9975995854388016    -1.9982851153947516    -1.995184890794714    0.86133141525672    -0.006617707646671063    0.005588286457188894    -0.3204441102688053    -1.9983832044122465
-0.0012852634478951238    0.04599372922980679    0.03545920425935943    0.04584927698302038     0.04429391603500293    0.04392386095781263    0.02847299712788224    -1.9961503255188084    -1.9984666084044174    -1.9961503255188084    -1.9961503255188076    (-2.0725825643142004+1.516044694119514e-17j)    -1.9975995854388016    -1.9982851153947516    -1.9978431141246102    0.855154888119827    -0.009264790705339464    0.0013235415293342205    -0.3254441560462901    -1.9984666084044174
-0.0012852634478951238    0.04599372922980679    0.03545920425935943    0.04290724491408665     0.04429391603500293    0.04392386095781263    0.02692415171188156    -1.9961503255188084    -1.9941225249529084    -1.9961503255188084    -1.9961503255188076    (-1.8645866001646643-2.5530626176934107e-18j)    -1.9975995854388016    -1.9982851153947516    -1.9990598271177782    0.8678020627334649    -0.009411850875265502    -0.014853077162528367    -0.3352971874313337    -1.9941225249529084
-0.0012852634478951238    0.04599372922980679    0.03545920425935943    0.04448028904367429     0.04429391603500293    0.04392386095781263    0.043232112555377636    -1.9961503255188084    -1.992536406091712    -1.9961503255188084    -1.9961503255188076    (-2.0425383211926387+2.10712609963126e-18j)    -1.9975995854388016    -1.9982851153947516    -1.999576814333707    0.8751550712297661    -0.010441272064747657    0.02661789075661025    -0.331032442503479    -1.992536406091712
-0.0012852634478951238    0.04599372922980679    0.03545920425935943    0.043141056957269594     0.04429391603500293    0.04392386095781263    0.036465185822920854    -1.9961503255188084    -1.9965278240473807    -1.9961503255188084    -1.9961503255188076    (-2.0957333714258746+2.688821387764051e-17j)    -1.9975995854388016    -1.9982851153947516    -1.99777485949194    0.8689785440928731    0.012500114443711999    0.014264836482824275    -0.32500297553651203    -1.996527824047381
-0.0012852634478951238    0.04599372922980679    0.03545920425935943    0.04257143482939689     0.04429391603500293    0.04392386095781263    0.03628700277294468    -1.9961503255188084    -2.000251496618212    -1.9961503255188084    -1.9961503255188076    (-2.0365315169615466+1.1216304972872496e-17j)    -1.9975995854388016    -1.9982851153947516    -1.9977584476444719    0.8585372720281255    -0.007794189006079235    0.0105883322346737    -0.35132674595327024    -2.000251496618212
-0.0012852634478951238    0.04599372922980679    0.03545920425935943    0.040957607305929095     0.04429391603500293    0.04392386095781263    0.03587964735461302    -1.9961503255188084    -1.9944397955658493    -1.9961503255188084    -1.9961503255188076    (-2.0236401694775994+4.102573689168989e-17j)    -1.9975995854388016    -1.9982851153947516    -1.9975873985789452    0.8644196788251665    0.005588286457188884    0.007058888156449127    -0.32573827638614217    -1.9944397955658495
-0.0012852634478951238    0.04599372922980679    0.03545920425935943    0.04540898687020271     0.04429391603500293    0.04392386095781263    0.03264364395603764    -1.9961503255188084    -1.9931726142819224    -1.9961503255188084    -1.9961503255188076    (-2.1635172496748236-7.546943205688754e-19j)    -1.9975995854388016    -1.9982851153947516    -1.998378250884524    0.8829492602358454    -0.006176527136892966    -0.01205893393393392    -0.3192676289093971    -1.9931726142819222
-0.0012852634478951238    0.04599372922980679    0.03545920425935943    0.04349271678016325     0.04429391603500293    0.04392386095781263    0.024199912988898307    -1.9961503255188084    -1.997585697264436    -1.9961503255188084    -1.9961503255188076    (-1.9250423485086916+1.0021801958775442e-17j)    -1.9975995854388016    -1.9982851153947516    -1.9981051478652039    0.8520666245513805    0.008823610195561406    -0.009853031385043575    -0.337208969640372    -1.997585697264436
-0.0012852634478951238    0.04599372922980679    0.03545920425935943    0.04312670937816021     0.04429391603500293    0.04392386095781263    0.02906343364652157    -1.9961503255188084    -1.9900953571073146    -1.9961503255188084    -1.9961503255188076    (-2.064233551272246-6.517468683980976e-18j)    -1.9975995854388016    -1.9982851153947516    -1.9970508119710648    0.8654491000146486    0.007058888156449132    0.01352953563319417    -0.30162040851827426    -1.9900953571073146
-0.0012852634478951238    0.04599372922980679    0.03545920425935943    0.044417826464550246     0.04429391603500293    0.04392386095781263    0.033427336872202396    -1.9961503255188084    -1.9831886077663914    -1.9961503255188084    -1.9961503255188076    (-1.9393976024820576+3.0357660829594116e-18j)    -1.9975995854388016    -1.9982851153947516    -1.9994319846093447    0.8811845381967331    0.0032353237383725263    0.011911873764007905    -0.3091204771845015    -1.9831886077663916
-0.0012852634478951238    0.04599372922980679    0.03545920425935943    0.040471812790068076     0.04429391603500293    0.04392386095781263    0.029918208723874688    -1.9961503255188084    -1.990542015692558    -1.9961503255188084    -1.9961503255188076    (-1.9475642738377394+1.0125974975853015e-17j)    -1.9975995854388016    -1.9982851153947516    -1.9986324063843282    0.8830963204057715    -0.015000137332454404    0.0010294211894821637    -0.31882644839961904    -1.990542015692558
-0.0012852634478951238    0.04599372922980679    0.03545920425935943    0.0461672790495062     0.04429391603500293    0.04392386095781263    0.03563105568244068    -1.9961503255188084    -2.003179774049828    -1.9961503255188084    -1.9961503255188076    (-1.9885604031606854-1.5401798673828137e-17j)    -1.9975995854388016    -1.9982851153947516    -1.9988199570757792    0.8655961601845746    0.012794234783564059    0.01352953563319416    -0.3361795484508898    -2.003179774049828
-0.0012852634478951238    0.04599372922980679    0.03545920425935943    0.04535641786515072     0.04429391603500293    0.04392386095781263    0.03539312086035958    -1.9961503255188084    -1.9892913500025071    -1.9961503255188084    -1.9961503255188076    (-1.9489529830457188-1.742076865417577e-17j)    -1.9975995854388016    -1.9982851153947516    -1.9983540176063932    0.8751550712297661    -0.013382475463268147    -0.0038235644180765983    -0.33309128488244333    -1.9892913500025071
-0.0012852634478951238    0.04599372922980679    0.03545920425935943    0.04223634063929235     0.04429391603500293    0.04392386095781263    0.02841624923604768    -1.9961503255188084    -1.9955435517725157    -1.9961503255188084    -1.9961503255188076    (-1.9835362167647772+4.764361734402245e-18j)    -1.9975995854388016    -1.9982851153947516    -1.9961912006569702    0.8664785212041307    0.001470601699260221    -0.0002941203398520469    -0.3329442247125173    -1.995543551772516
-0.0012852634478951238    0.04599372922980679    0.03545920425935943    0.04416815588082969     0.04429391603500293    0.04392386095781263    0.030503442181511072    -1.9961503255188084    -2.0001534877613922    -1.9961503255188084    -1.9961503255188076    (-2.0020394926569853+1.3034937367961952e-17j)    -1.9975995854388016    -1.9982851153947516    -1.9970731874187115    0.8611843550867939    0.01132363308430381    -0.0010294211894821756    -0.337356029810298    -2.0001534877613922
-0.0012852634478951238    0.04599372922980679    0.03545920425935943    0.044822657215928194     0.04429391603500293    0.04392386095781263    0.02467399802380479    -1.9961503255188084    -1.9983469435615733    -1.9961503255188084    -1.9961503255188076    (-1.8766255371712552-1.5456949094633913e-17j)    -1.9975995854388016    -1.9982851153947516    -1.997631489283934    0.8472136389438216    0.014117776312898251    -0.014117776312898254    -0.34191489507800477    -1.9983469435615733
-0.0012852634478951238    0.04599372922980679    0.03545920425935943    0.041299837292705345     0.04429391603500293    0.04392386095781263    0.0344442268883966    -1.9961503255188084    -1.9923430840804726    -1.9961503255188084    -1.9961503255188076    (-1.9277619209967605-3.0725330301632612e-18j)    -1.9975995854388016    -1.9982851153947516    -1.9986741302612008    0.8417724126565588    -0.012941294953490074    0.017941340730974868    -0.32470885519666    -1.9923430840804728
-0.0012852634478951238    0.04599372922980679    0.03545920425935943    0.04724735764158058     0.04429391603500293    0.04392386095781263    0.03190456837834334    -1.9961503255188084    -1.9896967783714157    -1.9961503255188084    -1.9961503255188076    (-1.924587173809297+1.9341693441979803e-17j)    -1.9975995854388016    -1.9982851153947516    -1.9977602693727308    0.8716256271515416    0.00029412033985204937    -0.005441226287262854    -0.3205911704387313    -1.9896967783714157
-0.0012852634478951238    0.04599372922980679    0.03545920425935943    0.04427617923962676     0.04429391603500293    0.04392386095781263    0.035889483816414214    -1.9961503255188084    -1.9865573759663537    -1.9961503255188084    -1.9961503255188076    (-1.931820817186701-2.0233566478104107e-17j)    -1.9975995854388016    -1.9982851153947516    -1.9979704174927662    0.8951552543397053    0.025000228887423998    -0.0010294211894821628    -0.33132656284333106    -1.9865573759663535
-0.0012852634478951238    0.04599372922980679    0.03545920425935943    0.045174000268046834     0.04429391603500293    0.04392386095781263    0.038980947586617305    -1.9961503255188084    -1.9935746316236256    -1.9961503255188084    -1.9961503255188076    (-2.034083244971512+2.0260444352047986e-17j)    -1.9975995854388016    -1.9982851153947516    -1.9959424120561557    0.8860375238042919    0.012647174613638026    -0.010882452574525744    -0.3352971874313337    -1.9935746316236256
-0.0012852634478951238    0.04599372922980679    0.03545920425935943    0.04411692823587676     0.04429391603500293    0.04392386095781263    0.04341693477910376    -1.9961503255188084    -1.998777953337724    -1.9961503255188084    -1.9961503255188076    (-2.028268078958623+9.92563739059484e-18j)    -1.9975995854388016    -1.9982851153947516    -1.9979356631783145    0.8797139364974729    0.01161775342415586    0.012647174613638014    -0.3160323051710246    -1.998777953337724
-0.0012852634478951238    0.04599372922980679    0.03545920425935943    0.044650694925482376     0.04429391603500293    0.04392386095781263    0.025807328915412306    -1.9961503255188084    -1.9988709787127097    -1.9961503255188084    -1.9961503255188076    (-2.007360737756527+1.2255649067948204e-20j)    -1.9975995854388016    -1.9982851153947516    -1.9982634342766272    0.8538313465904928    0.0026470830586684192    -0.011470693254229834    -0.3285324196147366    -1.9988709787127097
-0.0012852634478951238    0.04599372922980679    0.03545920425935943    0.04505151972756752     0.04429391603500293    0.04392386095781263    0.03777903291947003    -1.9961503255188084    -2.0026857430659595    -1.9961503255188084    -1.9961503255188076    (-2.0850786418541083+1.7592347741127063e-18j)    -1.9975995854388016    -1.9982851153947516    -1.997323382448279    0.8795668763275468    -0.0020588423789643317    0.002941203398520467    -0.3323559840328132    -2.0026857430659595
-0.0012852634478951238    0.04599372922980679    0.03545920425935943    0.043884785214773736     0.04429391603500293    0.04392386095781263    0.023791240050819257    -1.9961503255188084    -2.001191239683565    -1.9961503255188084    -1.9961503255188076    (-2.037106079764964-2.257591648583439e-17j)    -1.9975995854388016    -1.9982851153947516    -1.9981611285825154    0.8476548194535998    -0.0007353008496301102    -0.0008823610195561324    -0.34073841371859653    -2.0011912396835654
-0.0012852634478951238    0.04599372922980679    0.03545920425935943    0.04464558666373635     0.04429391603500293    0.04392386095781263    0.027733100114168317    -1.9961503255188084    -1.9999735884397603    -1.9961503255188084    -1.9961503255188076    (-1.9844316280512886+1.2726179565455228e-17j)    -1.9975995854388016    -1.9982851153947516    -1.9975321489701527    0.8604490542371638    -0.015294257672306449    -0.012500114443711999    -0.3285324196147366    -1.9999735884397603
-0.0012852634478951238    0.04599372922980679    0.03545920425935943    0.04171251422099647     0.04429391603500293    0.04392386095781263    0.02955888018386148    -1.9961503255188084    -1.9988317099096018    -1.9961503255188084    -1.9961503255188076    (-2.1027308480715754-2.317838709594386e-18j)    -1.9975995854388016    -1.9982851153947516    -1.9972219228030754    0.8388312092580383    -0.00514710594741081    0.007647128836153238    -0.3179440873800629    -1.998831709909602
-0.0012852634478951238    0.04599372922980679    0.03545920425935943    0.045236078111185     0.04429391603500293    0.04392386095781263    0.040751273659780866    -1.9961503255188084    -1.9909543160057663    -1.9961503255188084    -1.9961503255188076    (-2.0403345690839014-6.076265317534785e-19j)    -1.9975995854388016    -1.9982851153947516    -1.9975189927977293    0.8739785898703579    0.008676550025635379    -0.00808830934593129    -0.32456179502673393    -1.9909543160057663
-0.0012852634478951238    0.04599372922980679    0.03545920425935943    0.042752578263302525     0.04429391603500293    0.04392386095781263    0.034600444549342205    -1.9961503255188084    -1.997063185665297    -1.9961503255188084    -1.9961503255188076    (-1.9672240344931597-2.6069874735923908e-17j)    -1.9975995854388016    -1.9982851153947516    -1.9984054559898632    0.8541254669303447    -0.011176572914377788    0.0044118050977807    -0.3175029068702848    -1.997063185665297
-0.0012852634478951238    0.04599372922980679    0.03545920425935943    0.04250433624375466     0.04429391603500293    0.04392386095781263    0.03773689495258693    -1.9961503255188084    -1.9926492116014023    -1.9961503255188084    -1.9961503255188076    (-2.06862070938847-7.057689145860731e-18j)    -1.9975995854388016    -1.9982851153947516    -1.9991811070252101    0.8686844237530211    -0.009558911045191531    -0.016911919541492706    -0.3241206145169559    -1.9926492116014023
-0.0012852634478951238    0.04599372922980679    0.03545920425935943    0.04436698088415927     0.04429391603500293    0.04392386095781263    0.02628825773597702    -1.9961503255188084    -1.9924879086496925    -1.9961503255188084    -1.9961503255188076    (-1.967255616604679-2.1561486959030593e-18j)    -1.9975995854388016    -1.9982851153947516    -1.9979718413755947    0.8797139364974729    -0.0017647220391122944    -0.015441317842232453    -0.31588524500109855    -1.9924879086496927
-0.0012852634478951238    0.04599372922980679    0.03545920425935943    0.0441494916112158     0.04429391603500293    0.04392386095781263    0.02853351763076279    -1.9961503255188084    -2.000522616996437    -1.9961503255188084    -1.9961503255188076    (-2.129532296435832-1.1634955611059173e-17j)    -1.9975995854388016    -1.9982851153947516    -1.9988291506465945    0.8535372262506407    -0.020588423789643293    -0.011029512744451759    -0.31823820771991496    -2.000522616996437
-0.0012852634478951238    0.04599372922980679    0.03545920425935943    0.04605704287624805     0.04429391603500293    0.04392386095781263    0.028156902388970496    -1.9961503255188084    -1.9898024759525184    -1.9961503255188084    -1.9961503255188076    (-1.9957324885199332+1.7594714316935047e-17j)    -1.9975995854388016    -1.9982851153947516    -1.9974515043832706    0.8775080339485826    0.006764767816597072    -0.015588378012158491    -0.31838526788984095    -1.9898024759525184
-0.0012852634478951238    0.04599372922980679    0.03545920425935943    0.04581181842181233     0.04429391603500293    0.04392386095781263    0.032676950046828225    -1.9961503255188084    -1.990315028210553    -1.9961503255188084    -1.9961503255188076    (-2.0257947186216145+7.056717242970766e-19j)    -1.9975995854388016    -1.9982851153947516    -1.9960496192589048    0.8600078737273857    0.004117684757928656    0.006323587306819013    -0.32088529077858335    -1.990315028210553
-0.0012852634478951238    0.04599372922980679    0.03545920425935943    0.04443318628612239     0.04429391603500293    0.04392386095781263    0.03579131564974234    -1.9961503255188084    -1.9987869009940709    -1.9961503255188084    -1.9961503255188076    (-1.9353836613021338-6.666903048604355e-18j)    -1.9975995854388016    -1.9982851153947516    -1.9982724599794373    0.868096183073317    0.00455886526770672    -0.00014706016992602493    -0.3352971874313337    -1.9987869009940706
-0.0012852634478951238    0.04599372922980679    0.03545920425935943    0.04470504099023274     0.04429391603500293    0.04392386095781263    0.025142497865234505    -1.9961503255188084    -1.9978317529427931    -1.9961503255188084    -1.9961503255188076    (-1.958698651057765+1.7768659979694324e-17j)    -1.9975995854388016    -1.9982851153947516    -1.9974987651878306    0.8505960228521202    0.014853077162528372    0.013970716142972236    -0.34015017303889244    -1.9978317529427931
-0.0012852634478951238    0.04599372922980679    0.03545920425935943    0.04383523377392923     0.04429391603500293    0.04392386095781263    0.043262897301668546    -1.9961503255188084    -1.9941639418135388    -1.9961503255188084    -1.9961503255188076    (-1.9707850375579103-6.355778670289648e-18j)    -1.9975995854388016    -1.9982851153947516    -1.997308866722439    0.8753021313996922    0.007500068666227196    0.016911919541492706    -0.3411795942283746    -1.994163941813539
-0.0012852634478951238    0.04599372922980679    0.03545920425935943    0.04329196080108649     0.04429391603500293    0.04392386095781263    0.039657739396872685    -1.9961503255188084    -1.9949971999565927    -1.9961503255188084    -1.9961503255188076    (-2.0055327638759413-1.3378095541864553e-18j)    -1.9975995854388016    -1.9982851153947516    -1.9970940406947189    0.8591255127078296    -0.004117684757928635    0.006176527136892977    -0.33706190947044595    -1.9949971999565927
-0.0012852634478951238    0.04599372922980679    0.03545920425935943    0.04404068708560923     0.04429391603500293    0.04392386095781263    0.03302363562920394    -1.9961503255188084    -2.005168814295554    -1.9961503255188084    -1.9961503255188076    (-2.0724746069012636+1.4688604452079088e-18j)    -1.9975995854388016    -1.9982851153947516    -1.9973473706785243    0.8598608135574597    -0.0019117822090382942    -0.006029466966966954    -0.33515012726140764    -2.005168814295554
-0.0012852634478951238    0.04599372922980679    0.03545920425935943    0.04361101350323824     0.04429391603500293    0.04392386095781263    0.01709221369155538    -1.9961503255188084    -1.996134519152956    -1.9961503255188084    -1.9961503255188076    (-1.902061197559695-1.79916282387254e-17j)    -1.9975995854388016    -1.9982851153947516    -1.997714476714147    0.8713315068116896    -0.0026470830586684197    -0.005147105947410831    -0.32470885519666    -1.9961345191529558
-0.0012852634478951238    0.04599372922980679    0.03545920425935943    0.04730372562759222     0.04429391603500293    0.04392386095781263    0.0350585747615714    -1.9961503255188084    -2.0100227906510817    -1.9961503255188084    -1.9961503255188076    (-1.9382438474553179-1.1028223036682273e-17j)    -1.9975995854388016    -1.9982851153947516    -1.9987607353122123    0.849713661832564    0.013382475463268137    -0.001470601699260233    -0.34809142221489775    -2.0100227906510817
-0.0012852634478951238    0.04599372922980679    0.03545920425935943    0.04393632608237146     0.04429391603500293    0.04392386095781263    0.02972502595448497    -1.9961503255188084    -1.9915450234939949    -1.9961503255188084    -1.9961503255188076    (-2.0119035737413093-1.437887474668238e-17j)    -1.9975995854388016    -1.9982851153947516    -1.9969511494348966    0.8672138220537609    -0.001911782209038304    -0.01911782209038305    -0.3161793653409506    -1.9915450234939949
-0.0012852634478951238    0.04599372922980679    0.03545920425935943    0.04368245491053042     0.04429391603500293    0.04392386095781263    0.03943381619155068    -1.9961503255188084    -1.9982977223950684    -1.9961503255188084    -1.9961503255188076    (-2.029917125530656-4.2632747955343186e-18j)    -1.9975995854388016    -1.9982851153947516    -1.9972302054733544    0.8464783380941916    -0.00838242968578334    -0.003235323738372516    -0.3292677204643667    -1.9982977223950684
-0.0012852634478951238    0.04599372922980679    0.03545920425935943    0.04290009276590619     0.04429391603500293    0.04392386095781263    0.0373975062519298    -1.9961503255188084    -1.9939137549426604    -1.9961503255188084    -1.9961503255188076    (-1.9336388465399872+1.362320852322354e-18j)    -1.9975995854388016    -1.9982851153947516    -1.9983443765534683    0.8700079652823554    -0.0008823610195561295    -0.003970624588002622    -0.33132656284333106    -1.9939137549426607
-0.0012852634478951238    0.04599372922980679    0.03545920425935943    0.04542240824884676     0.04429391603500293    0.04392386095781263    0.04026095039353828    -1.9961503255188084    -1.9967015961184387    -1.9961503255188084    -1.9961503255188076    (-2.0184997475445194+1.5514466091247667e-17j)    -1.9975995854388016    -1.9982851153947516    -1.9986772453069501    0.8720668076613196    -0.009117730535413458    -0.0027941432285944457    -0.33309128488244333    -1.9967015961184387
-0.0012852634478951238    0.04599372922980679    0.03545920425935943    0.04590119561300252     0.04429391603500293    0.04392386095781263    0.03554620277445738    -1.9961503255188084    -1.9940516615367525    -1.9961503255188084    -1.9961503255188076    (-1.9884172266011304+1.0842021724855044e-17j)    -1.9975995854388016    -1.9982851153947516    -1.9972029053175104    0.8630961372958322    0.0019117822090383126    0.009705971215117551    -0.3429443162674869    -1.9940516615367523
-0.0012852634478951238    0.04599372922980679    0.03545920425935943    0.045345484457388084     0.04429391603500293    0.04392386095781263    0.04547357251505734    -1.9961503255188084    -1.995360679386408    -1.9961503255188084    -1.9961503255188076    (-1.8974585669865984-1.52401086601368e-18j)    -1.9975995854388016    -1.9982851153947516    -1.9974806690357911    0.8695667847725772    0.002500022888742405    0.004264744927854669    -0.3226500128176957    -1.9953606793864078
-0.0012852634478951238    0.04599372922980679    0.03545920425935943    0.041729501195443656     0.04429391603500293    0.04392386095781263    0.03694973664867611    -1.9961503255188084    -1.993828321852193    -1.9961503255188084    -1.9961503255188076    (-2.0053033024810585+1.1920096072806573e-17j)    -1.9975995854388016    -1.9982851153947516    -1.996949892045702    0.8607431745770159    0.016176618691862592    0.007353008496301172    -0.3110322593935398    -1.993828321852193
-0.0012852634478951238    0.04599372922980679    0.03545920425935943    0.046578975492868206     0.04429391603500293    0.04392386095781263    0.038001039312486586    -1.9961503255188084    -1.998139445155579    -1.9961503255188084    -1.9961503255188076    (-2.1073437520294225+1.8239107795892372e-17j)    -1.9975995854388016    -1.9982851153947516    -1.9979355225014004    0.855449008459679    0.003970624588002629    -0.011617753424155858    -0.3160323051710246    -1.998139445155579
-0.0012852634478951238    0.04599372922980679    0.03545920425935943    0.04469909995844577     0.04429391603500293    0.04392386095781263    0.03840949858686593    -1.9961503255188084    -2.00324811679621    -1.9961503255188084    -1.9961503255188076    (-2.048942429281149-1.1932351721874523e-17j)    -1.9975995854388016    -1.9982851153947516    -1.9969820650773142    0.8566254898190871    0.02382374752801581    0.00647064747674505    -0.34206195524793076    -2.00324811679621
-0.0012852634478951238    0.04599372922980679    0.03545920425935943    0.04442156702130624     0.04429391603500293    0.04392386095781263    0.037680085662579944    -1.9961503255188084    -1.99204090481971    -1.9961503255188084    -1.9961503255188076    (-1.9823558826084522+1.7185544746076743e-17j)    -1.9975995854388016    -1.9982851153947516    -1.9963901679679528    0.8644196788251665    -0.003088263568446495    0.006470647476745025    -0.3448560984765252    -1.99204090481971
-0.0012852634478951238    0.04599372922980679    0.03545920425935943    0.043713305682986495     0.04429391603500293    0.04392386095781263    0.03429992001874573    -1.9961503255188084    -1.9964780002046627    -1.9961503255188084    -1.9961503255188076    (-1.8395642413436657+1.1336980839188995e-17j)    -1.9975995854388016    -1.9982851153947516    -1.9985475405791555    0.8723609280011717    -0.0025000228887424158    0.007205948326375151    -0.3332383450523693    -1.996478000204663
-0.0012852634478951238    0.04599372922980679    0.03545920425935943    0.04212287873069978     0.04429391603500293    0.04392386095781263    0.04335018997939352    -1.9961503255188084    -1.9930481652516792    -1.9961503255188084    -1.9961503255188076    (-2.0167216076835315+3.70467086005264e-18j)    -1.9975995854388016    -1.9982851153947516    -1.9985602729091316    0.8733903491906538    0.002941203398520476    -0.016470739031714633    -0.3130911017725041    -1.9930481652516792
-0.0012852634478951238    0.04599372922980679    0.03545920425935943    0.04263451667374785     0.04429391603500293    0.04392386095781263    0.041262820130154365    -1.9961503255188084    -1.9894878661039983    -1.9961503255188084    -1.9961503255188076    (-1.8857884465284642-4.949591143339505e-19j)    -1.9975995854388016    -1.9982851153947516    -1.9967428352303096    0.8670667618838348    -0.000882361019556137    0.0022059025488903473    -0.30779693565516725    -1.9894878661039983
-0.0012852634478951238    0.04599372922980679    0.03545920425935943    0.04544237531784133     0.04429391603500293    0.04392386095781263    0.03544984404649701    -1.9961503255188084    -2.000221648007456    -1.9961503255188084    -1.9961503255188076    (-1.9884099645076136+1.6473745197245693e-17j)    -1.9975995854388016    -1.9982851153947516    -1.9984303557036904    0.8630961372958322    0.009117730535413439    -0.007500068666227197    -0.3141205229619863    -2.0002216480074564
-0.0012852634478951238    0.04599372922980679    0.03545920425935943    0.046973778923090154     0.04429391603500293    0.04392386095781263    0.03418303419614097    -1.9961503255188084    -1.9900580491000193    -1.9961503255188084    -1.9961503255188076    (-1.9407304455492405-3.4939582500895134e-18j)    -1.9975995854388016    -1.9982851153947516    -1.9957737530577129    0.8719197474913937    0.004705925437632737    -0.0017647220391122625    -0.31882644839961904    -1.9900580491000193
-0.0012852634478951238    0.04599372922980679    0.03545920425935943    0.0436105187450451     0.04429391603500293    0.04392386095781263    0.026768951245396848    -1.9961503255188084    -1.9914047117844067    -1.9961503255188084    -1.9961503255188076    (-2.120627403186429-5.934353450363397e-18j)    -1.9975995854388016    -1.9982851153947516    -1.9981513727084939    0.8769197932688785    -0.01205893393393393    0.010735392404599722    -0.3392678120193363    -1.9914047117844067
-0.0012852634478951238    0.04599372922980679    0.03545920425935943    0.04315595434217418     0.04429391603500293    0.04392386095781263    0.03479645369825338    -1.9961503255188084    -1.987177580306318    -1.9961503255188084    -1.9961503255188076    (-2.014985678673314+1.515431911666116e-17j)    -1.9975995854388016    -1.9982851153947516    -1.9967727286321577    0.8547137076100488    -0.025147289057350027    -0.0017647220391122736    -0.33206186369296115    -1.9871775803063183
-0.0012852634478951238    0.04599372922980679    0.03545920425935943    0.043053798051614696     0.04429391603500293    0.04392386095781263    0.038094674748955615    -1.9961503255188084    -2.0033071861822225    -1.9961503255188084    -1.9961503255188076    (-1.855190862599558-1.955240605194293e-17j)    -1.9975995854388016    -1.9982851153947516    -1.9982337115703754    0.8576549110085694    0.01426483648282429    -0.001470601699260239    -0.34059135354867054    -2.0033071861822225
-0.0012852634478951238    0.04599372922980679    0.03545920425935943    0.044205123157248595     0.04429391603500293    0.04392386095781263    0.03856793236008998    -1.9961503255188084    -1.9960727037399353    -1.9961503255188084    -1.9961503255188076    (-1.9786719212877233-3.631136965644941e-18j)    -1.9975995854388016    -1.9982851153947516    -1.9974928308922024    0.8691256042627992    0.01617661869186259    -0.009558911045191536    -0.32823829927488457    -1.9960727037399355
-0.0012852634478951238    0.04599372922980679    0.03545920425935943    0.043800857060743055     0.04429391603500293    0.04392386095781263    0.029389664875105307    -1.9961503255188084    -2.000018061424654    -1.9961503255188084    -1.9961503255188076    (-1.9827599829484766-8.93335258611896e-18j)    -1.9975995854388016    -1.9982851153947516    -1.998169783209303    0.8614784754266459    0.012205994103859969    -0.01514719750238042    -0.33309128488244333    -2.000018061424654
-0.0012852634478951238    0.04599372922980679    0.03545920425935943    0.04495678496769686     0.04429391603500293    0.04392386095781263    0.04145571709519467    -1.9961503255188084    -1.9974656860955875    -1.9961503255188084    -1.9961503255188076    (-2.0993511631225803+4.024927405128157e-17j)    -1.9975995854388016    -1.9982851153947516    -1.9977980256891783    0.8657432203545007    0.007353008496301178    0.0001470601699260345    -0.33147362301325706    -1.9974656860955875
-0.0012852634478951238    0.04599372922980679    0.03545920425935943    0.045508751149301495     0.04429391603500293    0.04392386095781263    0.03753878909228442    -1.9961503255188084    -1.9958959189207586    -1.9961503255188084    -1.9961503255188076    (-2.022590182668042-1.2613512148035701e-17j)    -1.9975995854388016    -1.9982851153947516    -1.9985185100018104    0.8658902805244266    0.007353008496301171    -0.014853077162528375    -0.3225029526477696    -1.9958959189207586
-0.0012852634478951238    0.04599372922980679    0.03545920425935943    0.04420737088243765     0.04429391603500293    0.04392386095781263    0.03649814688444432    -1.9961503255188084    -1.989690354434545    -1.9961503255188084    -1.9961503255188076    (-1.9878157918458408+1.4583459532111532e-17j)    -1.9975995854388016    -1.9982851153947516    -1.9985079878673937    0.8595666932176077    -0.0036765042481505888    -0.0038235644180766018    -0.32191471196806554    -1.989690354434545
-0.0012852634478951238    0.04599372922980679    0.03545920425935943    0.04329735831930413     0.04429391603500293    0.04392386095781263    0.034637272093740665    -1.9961503255188084    -1.9968073512645963    -1.9961503255188084    -1.9961503255188076    (-1.9048198399398464-1.6727352578946643e-17j)    -1.9975995854388016    -1.9982851153947516    -1.9973417559321018    0.8655961601845746    -0.020147243279865227    0.003823564418076607    -0.3226500128176957    -1.996807351264596
-0.0012852634478951238    0.04599372922980679    0.03545920425935943    0.045108047959366744     0.04429391603500293    0.04392386095781263    0.037689850471072026    -1.9961503255188084    -1.995440594718571    -1.9961503255188084    -1.9961503255188076    (-1.8635950316704442-2.5533125492770642e-17j)    -1.9975995854388016    -1.9982851153947516    -1.9988345861582082    0.8647137991650184    -0.009117730535413458    0.0020588423789643295    -0.3172087865304328    -1.995440594718571
-0.0012852634478951238    0.04599372922980679    0.03545920425935943    0.04431833462128159     0.04429391603500293    0.04392386095781263    0.04865068696795178    -1.9961503255188084    -1.9953092907341492    -1.9961503255188084    -1.9961503255188076    (-1.9769265754116359-3.6130324266266197e-17j)    -1.9975995854388016    -1.9982851153947516    -1.9978691012210388    0.8595666932176077    0.007353008496301156    -0.012794234783564047    -0.3217676517981395    -1.995309290734149
-0.0012852634478951238    0.04599372922980679    0.03545920425935943    0.04703952121905217     0.04429391603500293    0.04392386095781263    0.024971965553730144    -1.9961503255188084    -1.9988703674709232    -1.9961503255188084    -1.9961503255188076    (-2.025918574121721-1.437274692214841e-17j)    -1.9975995854388016    -1.9982851153947516    -1.9968159813384188    0.848978360982934    -0.003823564418076599    0.020441363619717268    -0.306032213616055    -1.9988703674709232
-0.0012852634478951238    0.04599372922980679    0.03545920425935943    0.04533382701106224     0.04429391603500293    0.04392386095781263    0.03993360039334654    -1.9961503255188084    -1.9943967463577605    -1.9961503255188084    -1.9961503255188076    (-1.8919658828052226-2.156148695903059e-17j)    -1.9975995854388016    -1.9982851153947516    -1.998239547815038    0.8588313923679776    0.011470693254229832    -0.00514710594741081    -0.3180911475499889    -1.9943967463577605
-0.0012852634478951238    0.04599372922980679    0.03545920425935943    0.04557172372010777     0.04429391603500293    0.04392386095781263    0.0370973028347048    -1.9961503255188084    -1.9937111333709965    -1.9961503255188084    -1.9961503255188076    (-2.0074001407822832+1.894714609599743e-17j)    -1.9975995854388016    -1.9982851153947516    -1.9984363601968282    0.8758903720793962    -0.018235461070826915    0.00352944407822456    -0.32912066029444076    -1.9937111333709965
-0.0012852634478951238    0.04599372922980679    0.03545920425935943    0.04255441923259828     0.04429391603500293    0.04392386095781263    0.030376467749286366    -1.9961503255188084    -1.9980554416563503    -1.9961503255188084    -1.9961503255188076    (-2.070360256457087+1.9992214745471106e-17j)    -1.9975995854388016    -1.9982851153947516    -1.9969394377746248    0.8733903491906538    -0.003970624588002625    0.0005882406797040837    -0.34147371456822667    -1.9980554416563503
-0.0012852634478951238    0.04599372922980679    0.03545920425935943    0.045396250737464894     0.04429391603500293    0.04392386095781263    0.022040910154551938    -1.9961503255188084    -1.9990251287718253    -1.9961503255188084    -1.9961503255188076    (-2.0543479761811883-3.353018285808091e-18j)    -1.9975995854388016    -1.9982851153947516    -1.9975261966135736    0.8535372262506407    -0.0054412262872628485    -0.01852958141067897    -0.3291206602944407    -1.9990251287718253
-0.0012852634478951238    0.04599372922980679    0.03545920425935943    0.04244966959426471     0.04429391603500293    0.04392386095781263    0.04425184371841422    -1.9961503255188084    -1.9969315506735659    -1.9961503255188084    -1.9961503255188076    (-2.0517998440034346+3.4297555597745787e-17j)    -1.9975995854388016    -1.9982851153947516    -1.9975627877661233    0.8666255813740568    -0.019117822090383065    0.004852985607558768    -0.3179440873800629    -1.9969315506735656
-0.0012852634478951238    0.04599372922980679    0.03545920425935943    0.04149251288325418     0.04429391603500293    0.04392386095781263    0.04101877917041967    -1.9961503255188084    -1.9953343689972747    -1.9961503255188084    -1.9961503255188076    (-2.000121206069927-1.1926223897340549e-17j)    -1.9975995854388016    -1.9982851153947516    -1.9963505661436098    0.8479489397934518    -0.018676641580604978    -0.00897067036548743    -0.3141205229619863    -1.9953343689972747
-0.0012852634478951238    0.04599372922980679    0.03545920425935943    0.04282485999459708     0.04429391603500293    0.04392386095781263    0.03491564352305078    -1.9961503255188084    -1.9991753098278418    -1.9961503255188084    -1.9961503255188076    (-2.022073306924785+4.426845433588644e-18j)    -1.9975995854388016    -1.9982851153947516    -1.9977529196840464    0.8644196788251665    0.022794326338533642    0.008529489855709352    -0.3285324196147366    -1.9991753098278418
-0.0012852634478951238    0.04599372922980679    0.03545920425935943    0.046096185678382286     0.04429391603500293    0.04392386095781263    0.037734975251177666    -1.9961503255188084    -1.9908380998177668    -1.9961503255188084    -1.9961503255188076    (-2.058635588136125-5.82405260875185e-18j)    -1.9975995854388016    -1.9982851153947516    -1.9964513120602994    0.8842728017651796    0.006617707646671058    -0.0008823610195561484    -0.31941468907932313    -1.990838099817767
-0.0012852634478951238    0.04599372922980679    0.03545920425935943    0.044320278693943255     0.04429391603500293    0.04392386095781263    0.0366571785247422    -1.9961503255188084    -1.997467902850989    -1.9961503255188084    -1.9961503255188076    (-1.9866213487216204-1.2124680858235725e-17j)    -1.9975995854388016    -1.9982851153947516    -1.9970106716762532    0.8608902347469418    -0.01632367886178862    -0.004117684757928661    -0.34309137643741294    -1.997467902850989
-0.0012852634478951238    0.04599372922980679    0.03545920425935943    0.04304373338148665     0.04429391603500293    0.04392386095781263    0.04067407998805582    -1.9961503255188084    -1.9960356335455576    -1.9961503255188084    -1.9961503255188076    (-1.98985315748437-7.992456953722859e-18j)    -1.9975995854388016    -1.9982851153947516    -1.9957177711302077    0.8666255813740568    0.002794143228594451    0.011323633084303807    -0.33676778913059396    -1.9960356335455576
-0.0012852634478951238    0.04599372922980679    0.03545920425935943    0.04227101657099623     0.04429391603500293    0.04392386095781263    0.025958888499282552    -1.9961503255188084    -1.9868040178027626    -1.9961503255188084    -1.9961503255188076    (-2.0948065067697663-2.1592126081700466e-17j)    -1.9975995854388016    -1.9982851153947516    -1.9981184714491746    0.8685373635830951    -0.0004411805097780732    0.008823610195561415    -0.3160323051710246    -1.9868040178027628
-0.0012852634478951238    0.04599372922980679    0.03545920425935943    0.04454303211773548     0.04429391603500293    0.04392386095781263    0.03560703732732121    -1.9961503255188084    -1.9955984562671951    -1.9961503255188084    -1.9961503255188076    (-2.0138315749848625-2.2582044310368367e-17j)    -1.9975995854388016    -1.9982851153947516    -1.997637418435866    0.8689785440928731    -0.0032353237383725255    0.022206085658829554    -0.324855915366586    -1.9955984562671951
-0.0012852634478951238    0.04599372922980679    0.03545920425935943    0.04579407725969987     0.04429391603500293    0.04392386095781263    0.03333058916051166    -1.9961503255188084    -1.9987877345028515    -1.9961503255188084    -1.9961503255188076    (-2.0569913792253733-3.4081687066138654e-18j)    -1.9975995854388016    -1.9982851153947516    -1.998081954652525    0.8705962059620594    0.012500114443711996    0.02102960429942136    -0.33382658573207347    -1.9987877345028515
-0.0012852634478951238    0.04599372922980679    0.03545920425935943    0.043714608619859645     0.04429391603500293    0.04392386095781263    0.02431046497737755    -1.9961503255188084    -1.9968106249148545    -1.9961503255188084    -1.9961503255188076    (-2.0695609649631503+8.215425212753934e-18j)    -1.9975995854388016    -1.9982851153947516    -1.9965222723116214    0.868096183073317    -0.003382383908298535    -0.015441317842232462    -0.3191205687394711    -1.9968106249148545
-0.0012852634478951238    0.04599372922980679    0.03545920425935943    0.04546009705296051     0.04429391603500293    0.04392386095781263    0.022002572514991485    -1.9961503255188084    -2.001721341103971    -1.9961503255188084    -1.9961503255188076    (-2.0524433880200994-4.919923923559596e-18j)    -1.9975995854388016    -1.9982851153947516    -2.000053734789085    0.8539784067604188    -0.0016176618691862614    -0.01588249835201054    -0.32941478063429275    -2.001721341103971
-0.0012852634478951238    0.04599372922980679    0.03545920425935943    0.04367529961672714     0.04429391603500293    0.04392386095781263    0.038519736634297405    -1.9961503255188084    -1.9959685846086168    -1.9961503255188084    -1.9961503255188076    (-2.014018327251202-1.4397258220284307e-17j)    -1.9975995854388016    -1.9982851153947516    -1.999131938067506    0.8722138678312457    0.005882406797040924    0.006911827986523102    -0.32338531366732576    -1.9959685846086168
-0.0012852634478951238    0.04599372922980679    0.03545920425935943    0.04445770778642694     0.04429391603500293    0.04392386095781263    0.02729918759280631    -1.9961503255188084    -1.9941123519761978    -1.9961503255188084    -1.9961503255188076    (-2.0935240812475597+6.752692592080003e-18j)    -1.9975995854388016    -1.9982851153947516    -1.9991913045587784    0.868390303413169    0.004852985607558778    -0.023676687358089785    -0.32573827638614217    -1.9941123519761978
-0.0012852634478951238    0.04599372922980679    0.03545920425935943    0.0437252978174228     0.04429391603500293    0.04392386095781263    0.03646440713625169    -1.9961503255188084    -1.9933341952463561    -1.9961503255188084    -1.9961503255188076    (-2.0167816490651593+1.432372432587661e-17j)    -1.9975995854388016    -1.9982851153947516    -1.9976464147277637    0.8678020627334649    0.0013235415293342129    -0.006911827986523108    -0.3075028153153152    -1.9933341952463564
-0.0012852634478951238    0.04599372922980679    0.03545920425935943    0.0440720088090142     0.04429391603500293    0.04392386095781263    0.030909890620699803    -1.9961503255188084    -2.000738019980718    -1.9961503255188084    -1.9961503255188076    (-1.9307109037593375-1.3865532158746508e-17j)    -1.9975995854388016    -1.9982851153947516    -1.998347361547634    0.8566254898190871    0.01882370175053101    0.000294120339852051    -0.3255912162162161    -2.000738019980718
-0.0012852634478951238    0.04599372922980679    0.03545920425935943    0.04441510270507109     0.04429391603500293    0.04392386095781263    0.04987054154823856    -1.9961503255188084    -1.9909683391737032    -1.9961503255188084    -1.9961503255188076    (-2.0219015654680974+1.0535630498156297e-18j)    -1.9975995854388016    -1.9982851153947516    -1.997739607847973    0.8707432661319855    0.0023529627188163746    -0.006323587306819013    -0.33265010437266523    -1.9909683391737032
-0.0012852634478951238    0.04599372922980679    0.03545920425935943    0.04566631649884689     0.04429391603500293    0.04392386095781263    0.04051952845272435    -1.9961503255188084    -1.9893310106790782    -1.9961503255188084    -1.9961503255188076    (-2.0305035808062084-1.9516279079364597e-17j)    -1.9975995854388016    -1.9982851153947516    -1.9984532611761874    0.8751550712297661    0.01323541529334211    -0.004411805097780708    -0.3255912162162161    -1.9893310106790785
-0.0012852634478951238    0.04599372922980679    0.03545920425935943    0.04402994962147247     0.04429391603500293    0.04392386095781263    0.0325068323285224    -1.9961503255188084    -1.996444881390763    -1.9961503255188084    -1.9961503255188076    (-2.0258157799469605-8.132670651207077e-18j)    -1.9975995854388016    -1.9982851153947516    -1.9960314780991775    0.855890188969457    0.009117730535413458    0.01352953563319416    -0.31206168058302197    -1.996444881390763
-0.0012852634478951238    0.04599372922980679    0.03545920425935943    0.046243460558038345     0.04429391603500293    0.04392386095781263    0.031384825412838484    -1.9961503255188084    -1.9940472047216025    -1.9961503255188084    -1.9961503255188076    (-2.016549194475834+2.3629479535650022e-17j)    -1.9975995854388016    -1.9982851153947516    -1.9967669717070087    0.855449008459679    -0.015441317842232462    -0.0038235644180766213    -0.3235323738372518    -1.9940472047216025
-0.0012852634478951238    0.04599372922980679    0.03545920425935943    0.041875019258320864     0.04429391603500293    0.04392386095781263    0.03440885675009736    -1.9961503255188084    -1.99601956430716    -1.9961503255188084    -1.9961503255188076    (-2.103145664195513+6.811604261611772e-19j)    -1.9975995854388016    -1.9982851153947516    -1.9974345812224237    0.8714785669816155    -0.003823564418076626    0.005294166117336834    -0.31206168058302197    -1.9960195643071599
-0.0012852634478951238    0.04599372922980679    0.03545920425935943    0.044358631467991405     0.04429391603500293    0.04392386095781263    0.034965097897977394    -1.9961503255188084    -1.9970932883857    -1.9961503255188084    -1.9961503255188076    (-1.9518772467056653-1.0359318259589044e-17j)    -1.9975995854388016    -1.9982851153947516    -1.9976876445205383    0.8625078966161281    0.0019117822090383065    -0.01250011444371199    -0.3322089238628872    -1.9970932883857002
-0.0012852634478951238    0.04599372922980679    0.03545920425935943    0.04450131195947743     0.04429391603500293    0.04392386095781263    0.0454724522461655    -1.9961503255188084    -1.9917765010407282    -1.9961503255188084    -1.9961503255188076    (-1.9926671683707768+8.698128678019935e-18j)    -1.9975995854388016    -1.9982851153947516    -1.9964717002800838    0.8722138678312457    -0.008676550025635386    0.007205948326375153    -0.31632642551087664    -1.9917765010407285
