c0    e_fci    e_hf    ansatz_energy    HF+CS    HF+meas_diag    pauli_all    pauli_qbw    CCSD
0.3667349256644    -3.760879607633991    -2.971471865936783    -3.7595130239885606    -3.8018903792774523    -3.8503724370863512    -3.6039937637986625    -3.3180609874182125    -3.825552366979384
0.3667349256644    -3.760879607633991    -2.971471865936783    -3.758646648870516    -3.631191456757034    -3.566945308108139    -3.5479854233553114    -4.076167488901506    -3.825552366979384
0.3667349256644    -3.760879607633991    -2.971471865936783    -3.760733751840789    -3.851471396637654    -3.367088457327922    -3.6985450416576433    -3.9567522683429406    -3.825552366979384
0.3667349256644    -3.760879607633991    -2.971471865936783    -3.7607827381534706    -3.966424907496383    -3.982848411252706    -3.9142139101500466    -4.475147914789231    -3.825552366979384
0.3667349256644    -3.760879607633991    -2.971471865936783    -3.7594434823409477    -4.013498754358831    -4.0035431318248715    -3.85067309940508    -3.0854905861619275    -3.825552366979384
0.3667349256644    -3.760879607633991    -2.971471865936783    -3.7607635173087024    -3.585377152201516    -3.719505215411526    -3.608939797882426    -4.341533778023765    -3.825552366979384
0.3667349256644    -3.760879607633991    -2.971471865936783    -3.7600487256024566    -4.203003314741999    -3.904257140946881    -3.9749562173858415    -3.1878022136060173    -3.825552366979384
0.3667349256644    -3.760879607633991    -2.971471865936783    -3.7600506075904656    -3.673747118427554    -3.537524482674237    -3.6208558651997085    -3.2865120603836537    -3.825552366979384
0.3667349256644    -3.760879607633991    -2.971471865936783    -3.759969328880074    -3.796487817551516    -4.034022769180938    -3.7503965180846652    -3.936505311347161    -3.825552366979384
0.3667349256644    -3.760879607633991    -2.971471865936783    -3.7594600148295196    -4.035165485010694    -3.55162374657796    -3.745805256962831    -4.002845264787426    -3.825552366979384
0.3667349256644    -3.760879607633991    -2.971471865936783    -3.7595111870845654    -3.566446557625702    -3.7108030598914934    -3.895273345216122    -3.763849206918053    -3.825552366979384
0.3667349256644    -3.760879607633991    -2.971471865936783    -3.7594600202576025    -3.592337022047344    -3.5134775241938376    -3.6351741726899744    -3.028236045441735    -3.825552366979384
0.3667349256644    -3.760879607633991    -2.971471865936783    -3.7595010005486156    -3.8631104322891585    -4.033808975983076    -4.089297414674751    -3.249512534008332    -3.825552366979384
0.3667349256644    -3.760879607633991    -2.971471865936783    -3.7595217411268456    -4.014752335121448    -3.9017171245274693    -3.847527535947972    -4.257137743498168    -3.825552366979384
0.3667349256644    -3.760879607633991    -2.971471865936783    -3.7600198030772853    -3.6862287669896427    -4.069999002812102    -3.94428994793054    -4.254146565194026    -3.825552366979384
0.3667349256644    -3.760879607633991    -2.971471865936783    -3.760033318991077    -3.764779364473614    -3.124612820999411    -3.7800233491348174    -3.4290619004494225    -3.825552366979384
0.3667349256644    -3.760879607633991    -2.971471865936783    -3.760768662786899    -3.701427259923484    -3.5171793937685627    -3.9690192645403792    -4.767933480172073    -3.825552366979384
0.3667349256644    -3.760879607633991    -2.971471865936783    -3.760744582000833    -3.774338269955538    -3.5768517347968243    -3.5622875573180615    -4.112917588348087    -3.825552366979384
0.3667349256644    -3.760879607633991    -2.971471865936783    -3.760729208891294    -3.9397504941862675    -3.775705705423998    -3.9410660616265796    -3.793960975425733    -3.825552366979384
0.3667349256644    -3.760879607633991    -2.971471865936783    -3.7607770216950707    -3.822822256077889    -3.666195896210203    -3.85302542601872    -4.3143973833737865    -3.825552366979384
0.3667349256644    -3.760879607633991    -2.971471865936783    -3.7593589954539715    -3.6060703142445876    -3.467897195098357    -3.7337951122334023    -3.1530521791241934    -3.825552366979384
0.3667349256644    -3.760879607633991    -2.971471865936783    -3.7594980205162303    -3.967285351165896    -3.6132217070846915    -3.602528546651709    -4.684250081550259    -3.825552366979384
0.3667349256644    -3.760879607633991    -2.971471865936783    -3.759517803604737    -3.8789843840035974    -4.457365797541072    -3.912910191029016    -4.065612313381469    -3.825552366979384
0.3667349256644    -3.760879607633991    -2.971471865936783    -3.760767221280994    -3.8605676681727807    -3.7493687462172383    -3.7727453331366916    -4.150210268194408    -3.825552366979384
0.3667349256644    -3.760879607633991    -2.971471865936783    -3.7594119123575167    -4.187308475921381    -4.436468328270106    -3.5766647648204986    -3.76725367747892    -3.825552366979384
0.3667349256644    -3.760879607633991    -2.971471865936783    -3.7607647697735054    -3.8853588973010655    -3.6337419712723946    -3.4552880714558776    -3.752882808139    -3.825552366979384
0.3667349256644    -3.760879607633991    -2.971471865936783    -3.759411325654736    -3.6566679439757293    -4.002974526894055    -3.883652432450354    -2.78128737738163    -3.825552366979384
0.3667349256644    -3.760879607633991    -2.971471865936783    -3.7607316041995515    -3.696339873881225    -3.7452684514259422    -4.082488646008361    -4.165650260409765    -3.825552366979384
0.3667349256644    -3.760879607633991    -2.971471865936783    -3.7594914596814855    -4.133599439066594    -3.88862038305264    -3.875281889304622    -3.3032291951941253    -3.825552366979384
0.3667349256644    -3.760879607633991    -2.971471865936783    -3.7595385413634155    -3.7466254973882487    -4.385063526265396    -3.8118658825100513    -3.2557971222548776    -3.825552366979384
0.3667349256644    -3.760879607633991    -2.971471865936783    -3.7607650543129427    -3.587516638853184    -3.875900046164488    -3.677462531343601    -5.033727454042575    -3.825552366979384
0.3667349256644    -3.760879607633991    -2.971471865936783    -3.7594607268397775    -3.895079672704568    -4.302294188865843    -3.670493755080019    -4.006703450040634    -3.825552366979384
0.3667349256644    -3.760879607633991    -2.971471865936783    -3.7595135334694643    -3.804199620591235    -4.2497066512154085    -3.3894564335216266    -3.9985815216866727    -3.825552366979384
0.3667349256644    -3.760879607633991    -2.971471865936783    -3.7607556894702396    -3.905645435723443    -4.027963686418859    -3.901138723751938    -4.008992119809694    -3.825552366979384
0.3667349256644    -3.760879607633991    -2.971471865936783    -3.759426027671233    -3.7707256464314733    -2.9818590404895775    -3.7528382245291203    -3.5261460987297912    -3.825552366979384
0.3667349256644    -3.760879607633991    -2.971471865936783    -3.7600458382929682    -3.7641195503799834    -4.040522238710009    -3.9255112243573    -3.874127750303709    -3.825552366979384
0.3667349256644    -3.760879607633991    -2.971471865936783    -3.7607310600087906    -4.16418646508897    -3.3541659726305446    -3.7003525754716105    -4.325189090997494    -3.825552366979384
0.3667349256644    -3.760879607633991    -2.971471865936783    -3.7595085917423257    -3.7365474946977466    -4.061297425731086    -3.831669748521913    -4.2259256041328825    -3.825552366979384
0.3667349256644    -3.760879607633991    -2.971471865936783    -3.759394108808851    -3.8683321196224734    -3.5458957424436077    -4.034335078656495    -4.358156896583108    -3.825552366979384
0.3667349256644    -3.760879607633991    -2.971471865936783    -3.759478022797766    -4.083989846712505    -3.7602379571674387    -3.57803061829008    -4.0078724115503475    -3.825552366979384
0.3667349256644    -3.760879607633991    -2.971471865936783    -3.760714769024043    -3.8767393726457335    -3.4576521685350645    -3.7556271475747764    -3.3909695247338973    -3.825552366979384
0.3667349256644    -3.760879607633991    -2.971471865936783    -3.760006497491017    -3.64408114635057    -3.380443053501576    -4.026505473095623    -4.129436741181662    -3.825552366979384
0.3667349256644    -3.760879607633991    -2.971471865936783    -3.759605076379189    -3.827972876625372    -4.044934485716227    -3.9403050232430674    -3.680279883585935    -3.825552366979384
0.3667349256644    -3.760879607633991    -2.971471865936783    -3.760253152640102    -3.9457264581632154    -3.659973144094076    -3.6354008196698304    -2.700046137526961    -3.825552366979384
0.3667349256644    -3.760879607633991    -2.971471865936783    -3.7607565859475676    -3.901034327402029    -3.8270050492316714    -3.8136541471158334    -3.9899534013176465    -3.825552366979384
0.3667349256644    -3.760879607633991    -2.971471865936783    -3.7599436609817873    -3.9249470139957676    -4.391300961241078    -3.694895778988974    -3.506854171152313    -3.825552366979384
0.3667349256644    -3.760879607633991    -2.971471865936783    -3.7594126391252782    -3.7622584169165294    -3.5880414717050226    -3.738156153555602    -3.6521932902884293    -3.825552366979384
0.3667349256644    -3.760879607633991    -2.971471865936783    -3.7594015254316258    -3.6182622155839588    -4.111531773579167    -3.736155563265073    -3.356961085421175    -3.825552366979384
0.3667349256644    -3.760879607633991    -2.971471865936783    -3.759952456800904    -3.954186796622511    -4.082842715414028    -3.751022282473811    -4.147769199112434    -3.825552366979384
0.3667349256644    -3.760879607633991    -2.971471865936783    -3.759938321524319    -4.602525837743852    -3.400571817452242    -3.9477085544048767    -4.042147510437053    -3.825552366979384
0.3667349256644    -3.760879607633991    -2.971471865936783    -3.7594719142981203    -3.5592797603834594    -3.895692556168425    -3.5894384813259097    -4.449058225101412    -3.825552366979384
0.3667349256644    -3.760879607633991    -2.971471865936783    -3.7594779723369696    -3.5446879862896283    -4.516924052018151    -3.494937636563691    -4.559072597703013    -3.825552366979384
0.3667349256644    -3.760879607633991    -2.971471865936783    -3.7594522942633946    -3.879439785084417    -3.935059903675132    -3.7520901653944754    -4.399265533937085    -3.825552366979384
0.3667349256644    -3.760879607633991    -2.971471865936783    -3.7593784825038723    -3.716618700111983    -4.650559499041375    -3.8265448151781123    -4.540440060981229    -3.825552366979384
0.3667349256644    -3.760879607633991    -2.971471865936783    -3.7599982918549797    -3.6652473096910505    -4.069290587588104    -4.008478043633204    -4.187321925880278    -3.825552366979384
0.3667349256644    -3.760879607633991    -2.971471865936783    -3.7593572479724626    -3.64393367998038    -3.5759009867830773    -3.659192903966097    -3.478873608093183    -3.825552366979384
0.3667349256644    -3.760879607633991    -2.971471865936783    -3.759381052177625    -3.882073515457771    -3.541446366797891    -3.55480220103402    -3.5488240543135183    -3.825552366979384
0.3667349256644    -3.760879607633991    -2.971471865936783    -3.7607450481007083    -3.5823462675755735    -3.500430928847224    -3.6721427482402507    -4.508532683438006    -3.825552366979384
0.3667349256644    -3.760879607633991    -2.971471865936783    -3.760747419033901    -3.7402308514471976    -3.3481517108985748    -3.7995898739789085    -4.884552676725817    -3.825552366979384
0.3667349256644    -3.760879607633991    -2.971471865936783    -3.7607685336690517    -3.7340525699330676    -3.7783700011567207    -3.945475709626796    -4.836772938219226    -3.825552366979384
0.3667349256644    -3.760879607633991    -2.971471865936783    -3.7599900415631433    -3.8012719226154013    -3.7447036845540493    -3.8079196379399436    -4.6061640306035985    -3.825552366979384
0.3667349256644    -3.760879607633991    -2.971471865936783    -3.760041285852475    -3.8429913678366967    -4.278279601556477    -3.609872151920118    -4.0634280833648555    -3.825552366979384
0.3667349256644    -3.760879607633991    -2.971471865936783    -3.7594535717441087    -3.7324520094266225    -4.241161240250147    -3.850331530852291    -4.280527779120941    -3.825552366979384
0.3667349256644    -3.760879607633991    -2.971471865936783    -3.759994322802253    -3.6757962722265236    -4.3103375766662495    -3.7496872531511296    -3.897616878191662    -3.825552366979384
0.3667349256644    -3.760879607633991    -2.971471865936783    -3.7606682384433743    -3.70190499122651    -3.2722500131870618    -3.853854765590736    -2.916476693248902    -3.825552366979384
0.3667349256644    -3.760879607633991    -2.971471865936783    -3.759513063283987    -3.6606485628792895    -4.059028408865977    -3.584997575075116    -4.101640915742766    -3.825552366979384
0.3667349256644    -3.760879607633991    -2.971471865936783    -3.759410112928748    -3.7529490477501954    -4.112367794130224    -3.535691870650925    -3.5450669282812024    -3.825552366979384
0.3667349256644    -3.760879607633991    -2.971471865936783    -3.7593218768922556    -3.5606357144929577    -4.055455066788481    -3.4958659472939506    -3.7794933403986546    -3.825552366979384
0.3667349256644    -3.760879607633991    -2.971471865936783    -3.7607365872517766    -3.8695081575947023    -4.187101433663268    -3.893520972768252    -3.0992500466982005    -3.825552366979384
0.3667349256644    -3.760879607633991    -2.971471865936783    -3.7607623566973007    -3.562962533451195    -3.6623207791829664    -3.6820831441276507    -3.4806940643272917    -3.825552366979384
0.3667349256644    -3.760879607633991    -2.971471865936783    -3.759952139090891    -3.832649501873498    -3.7622714963348773    -3.871543734740925    -3.6009170619537603    -3.825552366979384
0.3667349256644    -3.760879607633991    -2.971471865936783    -3.760745616460617    -3.8186721775631693    -3.4181736388698116    -3.6744083200758513    -3.35220270420016    -3.825552366979384
0.3667349256644    -3.760879607633991    -2.971471865936783    -3.7596102986036204    -3.7299791079150624    -3.481975677718718    -4.070938186845665    -4.31260580423707    -3.825552366979384
0.3667349256644    -3.760879607633991    -2.971471865936783    -3.7607329409913364    -3.644540403006267    -4.004627199720314    -3.812271618033729    -3.572338977505594    -3.825552366979384
0.3667349256644    -3.760879607633991    -2.971471865936783    -3.760687133373726    -3.7568566248185262    -3.666042589873803    -3.720266600882059    -3.3186748556322168    -3.825552366979384
0.3667349256644    -3.760879607633991    -2.971471865936783    -3.760041970042817    -3.5628084564198277    -3.9133168071735946    -3.6494567292072193    -3.7921611265506234    -3.825552366979384
0.3667349256644    -3.760879607633991    -2.971471865936783    -3.7606898259999966    -3.7159598665936917    -3.6122434207430656    -3.7847637915439964    -3.104767269313876    -3.825552366979384
0.3667349256644    -3.760879607633991    -2.971471865936783    -3.760740139685356    -3.700744595560484    -3.6077164927288865    -3.8524079496426498    -3.747531590474307    -3.825552366979384
0.3667349256644    -3.760879607633991    -2.971471865936783    -3.759397362200252    -3.621541079592882    -3.436081155618142    -4.04169195532785    -3.8890142578408478    -3.825552366979384
0.3667349256644    -3.760879607633991    -2.971471865936783    -3.7600242443420635    -3.4945826154706983    -3.1272304331011616    -3.561291930501011    -4.320648781955254    -3.825552366979384
0.3667349256644    -3.760879607633991    -2.971471865936783    -3.7600486103042234    -3.409906969423845    -3.6921154674093066    -4.0774851984801845    -3.9757236144663914    -3.825552366979384
0.3667349256644    -3.760879607633991    -2.971471865936783    -3.759969675403717    -3.6754984458883233    -3.7026125685416735    -3.546332575156286    -3.9527875002303525    -3.825552366979384
0.3667349256644    -3.760879607633991    -2.971471865936783    -3.760033253643419    -3.8168033313867236    -3.568987532828757    -3.64100312138086    -2.7914390401067175    -3.825552366979384
0.3667349256644    -3.760879607633991    -2.971471865936783    -3.760734874982858    -3.8497487228232647    -3.6481173053033302    -3.6744471552063285    -3.1865524894501065    -3.825552366979384
0.3667349256644    -3.760879607633991    -2.971471865936783    -3.760804038449785    -3.590101116287991    -3.2902917340370843    -4.1950195011227756    -3.8780808261925492    -3.825552366979384
0.3667349256644    -3.760879607633991    -2.971471865936783    -3.7594774837919065    -3.7178441618738587    -3.6066953322977344    -3.884756278262299    -3.8144597618030107    -3.825552366979384
0.3667349256644    -3.760879607633991    -2.971471865936783    -3.7595044300927025    -3.672149566561389    -4.204972381216471    -3.759937458581602    -4.393382102232281    -3.825552366979384
0.3667349256644    -3.760879607633991    -2.971471865936783    -3.7607477837600145    -3.73384683035584    -3.907463020723948    -3.6518788790614582    -3.3152727703976534    -3.825552366979384
0.3667349256644    -3.760879607633991    -2.971471865936783    -3.7607025504557807    -3.548380298396175    -3.1836009761355193    -3.6394274350599582    -4.261439538110505    -3.825552366979384
0.3667349256644    -3.760879607633991    -2.971471865936783    -3.7593966416684177    -4.041697723937163    -4.128583660600505    -3.7271407124826905    -2.864762930685287    -3.825552366979384
0.3667349256644    -3.760879607633991    -2.971471865936783    -3.7595211797160593    -3.5923346692803024    -4.053079200650483    -3.650483510403076    -2.991905787568126    -3.825552366979384
0.3667349256644    -3.760879607633991    -2.971471865936783    -3.759966013264237    -4.072991049262784    -3.8369624003184026    -4.07686343968015    -3.4649230947762844    -3.825552366979384
0.3667349256644    -3.760879607633991    -2.971471865936783    -3.760731815814002    -3.755178208931196    -3.257632557549787    -3.752866543701068    -3.4559161815247084    -3.825552366979384
0.3667349256644    -3.760879607633991    -2.971471865936783    -3.75995313504733    -3.9989801441446255    -3.8356352739574704    -3.6431426930951396    -4.011639305082588    -3.825552366979384
0.3667349256644    -3.760879607633991    -2.971471865936783    -3.7607340140830017    -3.6437059719923237    -3.564648445661554    -3.772099695910517    -3.5572880646966425    -3.825552366979384
0.3667349256644    -3.760879607633991    -2.971471865936783    -3.759357268873414    -3.635156934729484    -3.163315885188731    -3.7519615667458046    -4.965748415477463    -3.825552366979384
0.3667349256644    -3.760879607633991    -2.971471865936783    -3.7600551027079296    -3.6783955369833246    -3.3190534971018253    -3.9816293522943833    -4.106241380153265    -3.825552366979384
0.3667349256644    -3.760879607633991    -2.971471865936783    -3.760746409080215    -3.9964707724417616    -3.516170111247007    -3.788054247547321    -4.032526518518804    -3.825552366979384
0.3667349256644    -3.760879607633991    -2.971471865936783    -3.7599404861068955    -3.905667299465493    -3.4468354724021717    -3.8979567064222094    -4.0795534281439245    -3.825552366979384
0.3667349256644    -3.760879607633991    -2.971471865936783    -3.7599456422760973    -4.074006599452014    -4.814088028363317    -3.8272187721755913    -4.137043395784755    -3.825552366979384
