c0    e_fci    e_hf    ansatz_energy    HF+CS    HF+meas_diag    pauli_all    pauli_qbw    CCSD
0.677940933037378    -2.901300150471981    -2.5443021802948986    -2.901300150689155    -2.8394638449985314    -2.9200531279067254    -2.9647223622223953    -3.2134059517380633    -2.9371665600208994
0.677940933037378    -2.901300150471981    -2.5443021802948986    -2.901300150689148    -2.8835451093522235    -2.8154101766530157    -2.842194429611796    -3.3285326738727745    -2.9371665600208994
0.677940933037378    -2.901300150471981    -2.5443021802948986    -2.9013001506891487    -2.9494998911520325    -2.9053485831500647    -2.9314186647350713    -2.58680930606564    -2.9371665600208994
0.677940933037378    -2.901300150471981    -2.5443021802948986    -2.901300150689148    -2.9024220336511632    -2.903528728413151    -2.984886723587696    -2.7481954238770725    -2.9371665600208994
0.677940933037378    -2.901300150471981    -2.5443021802948986    -2.901300150689164    -2.8493135237932607    -2.8896872362982027    -2.738229431315018    -2.8183371290761765    -2.9371665600208994
0.677940933037378    -2.901300150471981    -2.5443021802948986    -2.9013001506891487    -2.846496359965955    -2.8035770170939194    -2.797029334434702    -2.915808001736624    -2.9371665600208994
0.677940933037378    -2.901300150471981    -2.5443021802948986    -2.901300150689148    -2.8738649618858947    -2.968888717702529    -2.9851626637638224    -2.8916955511588553    -2.9371665600208994
0.677940933037378    -2.901300150471981    -2.5443021802948986    -2.9013001506891434    -2.951356608610107    -3.0117753934953027    -2.9630740070038217    -2.863227269000719    -2.9371665600208994
0.677940933037378    -2.901300150471981    -2.5443021802948986    -2.9013001506891576    -2.880880399588823    -2.909843706883735    -2.885603121396121    -2.8927199298289366    -2.9371665600208994
0.677940933037378    -2.901300150471981    -2.5443021802948986    -2.9013001506891585    -2.9541427638772824    -2.945469761133281    -2.943893593876684    -3.1493028205235536    -2.9371665600208994
0.677940933037378    -2.901300150471981    -2.5443021802948986    -2.9013001506891443    -2.8390462487532533    -2.855920959153621    -2.8519978138163697    -2.890533603375179    -2.9371665600208994
0.677940933037378    -2.901300150471981    -2.5443021802948986    -2.9013001506891523    -2.919415800015103    -2.781113889047069    -2.70074172887201    -2.854641476933944    -2.9371665600208994
0.677940933037378    -2.901300150471981    -2.5443021802948986    -2.901300150689155    -2.9109290974871675    -2.9510822396144865    -2.9692242265960798    -2.997183617773432    -2.9371665600208994
0.677940933037378    -2.901300150471981    -2.5443021802948986    -2.9013001506891496    -2.8994601113381493    -2.949183827829543    -2.9758819578944498    -2.587563882713815    -2.9371665600208994
0.677940933037378    -2.901300150471981    -2.5443021802948986    -2.901300150689148    -2.8752772247883573    -3.013574820723778    -2.7779808052228954    -2.762341499736499    -2.9371665600208994
0.677940933037378    -2.901300150471981    -2.5443021802948986    -2.901300150689154    -2.8594945331204484    -2.8669539833319666    -2.808984199683767    -2.947039569531561    -2.9371665600208994
0.677940933037378    -2.901300150471981    -2.5443021802948986    -2.901300150689153    -2.9028536497906408    -3.0721969058686547    -2.8989580808999147    -3.0041059559525265    -2.9371665600208994
0.677940933037378    -2.901300150471981    -2.5443021802948986    -2.901300150689155    -2.9480667721655607    -3.0603732792250833    -2.800139105917244    -2.9902562676551616    -2.9371665600208994
0.677940933037378    -2.901300150471981    -2.5443021802948986    -2.9013001506891523    -2.838107361790468    -2.8994802060127385    -2.9355117220665417    -3.3140812903827617    -2.9371665600208994
0.677940933037378    -2.901300150471981    -2.5443021802948986    -2.9013001506891523    -2.9326969910851304    -2.9310800420675096    -3.0357267028719117    -3.268313154511848    -2.9371665600208994
0.677940933037378    -2.901300150471981    -2.5443021802948986    -2.9013001506891567    -2.889487074078543    -2.898264639837352    -2.7859856781409835    -3.2093825694500415    -2.9371665600208994
0.677940933037378    -2.901300150471981    -2.5443021802948986    -2.9013001506891505    -2.907524655164828    -2.8611545620890544    -2.9539146524720374    -2.6591651453167113    -2.9371665600208994
0.677940933037378    -2.901300150471981    -2.5443021802948986    -2.901300150689156    -2.9002487938271684    -2.8370529976149057    -3.0098815549576217    -2.919924178409052    -2.9371665600208994
0.677940933037378    -2.901300150471981    -2.5443021802948986    -2.901300150689146    -2.89055096792689    -2.839223261590477    -2.873340820419911    -2.9844195262393747    -2.9371665600208994
0.677940933037378    -2.901300150471981    -2.5443021802948986    -2.9013001506891567    -2.90380040602983    -2.8598863315170986    -2.9283905775855317    -2.9542393419929844    -2.9371665600208994
0.677940933037378    -2.901300150471981    -2.5443021802948986    -2.9013001506891576    -2.9342974278225817    -2.9097841156912088    -3.094593310736948    -2.658253777389474    -2.9371665600208994
0.677940933037378    -2.901300150471981    -2.5443021802948986    -2.901300150689147    -2.925907350861778    -2.832857565324286    -2.99908185249187    -2.647441835251306    -2.9371665600208994
0.677940933037378    -2.901300150471981    -2.5443021802948986    -2.9013001506891487    -2.926910355265398    -2.853981644766931    -2.5372721726798555    -2.463069305001899    -2.9371665600208994
0.677940933037378    -2.901300150471981    -2.5443021802948986    -2.9013001506891567    -2.91273524481929    -2.887248953463917    -2.905026293045484    -2.7850317537395326    -2.9371665600208994
0.677940933037378    -2.901300150471981    -2.5443021802948986    -2.9013001506891576    -2.934179514902261    -3.1284369462947956    -3.1653110859771254    -2.353809661190786    -2.9371665600208994
0.677940933037378    -2.901300150471981    -2.5443021802948986    -2.901300150689154    -2.915268085881171    -2.953940460283264    -2.8994491085360057    -2.8129621674194003    -2.9371665600208994
0.677940933037378    -2.901300150471981    -2.5443021802948986    -2.901300150689156    -3.0425804208127136    -2.9348030263498854    -2.814454607882563    -2.932044602720134    -2.9371665600208994
0.677940933037378    -2.901300150471981    -2.5443021802948986    -2.9013001506891576    -2.8590493139169917    -2.938804053903863    -2.979706451963277    -3.4081703128096623    -2.9371665600208994
0.677940933037378    -2.901300150471981    -2.5443021802948986    -2.901300150689155    -2.9162276271849157    -2.91157189455694    -2.977685990851831    -3.0917921240931174    -2.9371665600208994
0.677940933037378    -2.901300150471981    -2.5443021802948986    -2.9013001506891514    -2.886799792329825    -2.905406206313895    -2.8303790699262663    -3.102053544659453    -2.9371665600208994
0.677940933037378    -2.901300150471981    -2.5443021802948986    -2.9013001506891496    -2.8970501906563575    -2.801437589577524    -2.8235829402400356    -2.794946464273734    -2.9371665600208994
0.677940933037378    -2.901300150471981    -2.5443021802948986    -2.9013001506891594    -2.918705200019516    -2.9276175613672604    -2.773722134447787    -3.270758459426146    -2.9371665600208994
0.677940933037378    -2.901300150471981    -2.5443021802948986    -2.901300150689155    -2.9274006076467525    -2.9605556493355953    -2.735995502669779    -2.8412562439908022    -2.9371665600208994
0.677940933037378    -2.901300150471981    -2.5443021802948986    -2.9013001506891576    -2.8948885083286857    -2.695084977272682    -2.9061518194284885    -2.9444090304446466    -2.9371665600208994
0.677940933037378    -2.901300150471981    -2.5443021802948986    -2.901300150689145    -2.987563581212555    -2.885457256593477    -2.9599652702713066    -3.029453527835943    -2.9371665600208994
0.677940933037378    -2.901300150471981    -2.5443021802948986    -2.901300150689153    -3.045367798468716    -2.841526286739062    -2.7363826524492874    -3.28388265757241    -2.9371665600208994
0.677940933037378    -2.901300150471981    -2.5443021802948986    -2.901300150689156    -2.837152812021448    -2.8463590255495395    -2.9718596619069273    -2.9349628671981427    -2.9371665600208994
0.677940933037378    -2.901300150471981    -2.5443021802948986    -2.9013001506891496    -2.9325234776317846    -2.9204851658952484    -2.781226834779609    -2.758683428979748    -2.9371665600208994
0.677940933037378    -2.901300150471981    -2.5443021802948986    -2.901300150689156    -2.9099402651549386    -2.727642013014743    -3.03199016158545    -2.665389185188328    -2.9371665600208994
0.677940933037378    -2.901300150471981    -2.5443021802948986    -2.901300150689146    -2.959190038680462    -2.844315645938267    -2.89713579750803    -3.0914342464878075    -2.9371665600208994
0.677940933037378    -2.901300150471981    -2.5443021802948986    -2.9013001506891603    -2.8844281217177556    -2.907697218123099    -2.828701439171052    -2.896324245789224    -2.9371665600208994
0.677940933037378    -2.901300150471981    -2.5443021802948986    -2.9013001506891523    -2.9393752386838807    -2.917820378723486    -2.870152568871683    -3.164348961165756    -2.9371665600208994
0.677940933037378    -2.901300150471981    -2.5443021802948986    -2.9013001506891514    -2.9151289180841626    -2.8809740289936663    -2.829328425815641    -2.889370653176784    -2.9371665600208994
0.677940933037378    -2.901300150471981    -2.5443021802948986    -2.901300150689154    -2.9682503152264283    -2.8817164199048273    -2.8419639907279923    -2.9464851427207233    -2.9371665600208994
0.677940933037378    -2.901300150471981    -2.5443021802948986    -2.9013001506891505    -2.8494285089971108    -2.838493895300192    -2.7840422255323682    -3.4521635495423677    -2.9371665600208994
0.677940933037378    -2.901300150471981    -2.5443021802948986    -2.9013001506891416    -2.9439670403058393    -2.7213463112140714    -2.7947500408578043    -3.065456037617484    -2.9371665600208994
0.677940933037378    -2.901300150471981    -2.5443021802948986    -2.901300150689161    -2.886317504238846    -2.930820766391015    -2.7707950812359763    -2.440264744777362    -2.9371665600208994
0.677940933037378    -2.901300150471981    -2.5443021802948986    -2.9013001506891505    -2.891681030440934    -2.8758476425514408    -2.925428965170271    -3.069772496918892    -2.9371665600208994
0.677940933037378    -2.901300150471981    -2.5443021802948986    -2.901300150689156    -2.993464578824302    -2.885822091864313    -3.074817741701682    -2.7788867212169444    -2.9371665600208994
0.677940933037378    -2.901300150471981    -2.5443021802948986    -2.9013001506891523    -2.968831297788858    -2.7936387578697293    -2.6482810010978013    -2.346634397759957    -2.9371665600208994
0.677940933037378    -2.901300150471981    -2.5443021802948986    -2.901300150689146    -2.9461053457477417    -2.8759603807290146    -2.8539466887398253    -2.3569328504051645    -2.9371665600208994
0.677940933037378    -2.901300150471981    -2.5443021802948986    -2.901300150689154    -2.9571723666576815    -2.86868809079978    -2.6584127748877444    -2.337559603060095    -2.9371665600208994
0.677940933037378    -2.901300150471981    -2.5443021802948986    -2.9013001506891594    -2.959993785297695    -2.77070905374983    -2.8756626763124253    -2.9285500419055404    -2.9371665600208994
0.677940933037378    -2.901300150471981    -2.5443021802948986    -2.901300150689156    -2.949513241789721    -2.824778990443566    -2.8343864625359303    -2.9672070891010884    -2.9371665600208994
0.677940933037378    -2.901300150471981    -2.5443021802948986    -2.9013001506891443    -2.878824001942096    -3.045737092934388    -2.855479333005307    -3.3717434733393565    -2.9371665600208994
0.677940933037378    -2.901300150471981    -2.5443021802948986    -2.9013001506891523    -2.8560969104860665    -2.85709354179198    -2.897022210159156    -2.620365740338159    -2.9371665600208994
0.677940933037378    -2.901300150471981    -2.5443021802948986    -2.901300150689164    -2.923165096191855    -2.922641533802512    -2.901866077374701    -3.0188940477515    -2.9371665600208994
0.677940933037378    -2.901300150471981    -2.5443021802948986    -2.901300150689147    -2.8211883072893875    -2.783821194876646    -3.0514293551131075    -2.6342710376078324    -2.9371665600208994
0.677940933037378    -2.901300150471981    -2.5443021802948986    -2.9013001506891576    -2.9446708245450957    -3.0288164478984996    -2.9883957740788993    -2.9148357956620825    -2.9371665600208994
0.677940933037378    -2.901300150471981    -2.5443021802948986    -2.9013001506891674    -3.0282791599951064    -2.8908555242672156    -2.884668338462182    -2.583051629178973    -2.9371665600208994
0.677940933037378    -2.901300150471981    -2.5443021802948986    -2.901300150689156    -2.929217074687071    -2.9579302633925915    -2.80957045299475    -2.849420423787991    -2.9371665600208994
0.677940933037378    -2.901300150471981    -2.5443021802948986    -2.9013001506891505    -2.9513994078916626    -2.810290117078924    -2.820416307359748    -2.820110811411067    -2.9371665600208994
0.677940933037378    -2.901300150471981    -2.5443021802948986    -2.9013001506891514    -2.980132035786724    -2.940433375770817    -2.809334477123169    -2.9676242483684745    -2.9371665600208994
0.677940933037378    -2.901300150471981    -2.5443021802948986    -2.9013001506891505    -2.8550653517828    -3.029454151993649    -2.772709792635958    -2.9996042470177127    -2.9371665600208994
0.677940933037378    -2.901300150471981    -2.5443021802948986    -2.9013001506891514    -2.970471944335068    -2.7893108707976193    -2.884143556837171    -2.5968997554587347    -2.9371665600208994
0.677940933037378    -2.901300150471981    -2.5443021802948986    -2.901300150689153    -2.856941341289817    -2.930716051018659    -2.6523488697820174    -2.7282303805648063    -2.9371665600208994
0.677940933037378    -2.901300150471981    -2.5443021802948986    -2.9013001506891576    -2.8545879968787427    -2.9137591281153647    -2.754397196204446    -2.9951601499964444    -2.9371665600208994
0.677940933037378    -2.901300150471981    -2.5443021802948986    -2.901300150689155    -2.846305355495416    -3.037544368328663    -2.9637270974037007    -3.0695792650723486    -2.9371665600208994
0.677940933037378    -2.901300150471981    -2.5443021802948986    -2.9013001506891487    -2.8893323622842946    -2.8299524288091096    -2.8849490781456484    -2.7839120866878924    -2.9371665600208994
0.677940933037378    -2.901300150471981    -2.5443021802948986    -2.9013001506891514    -2.9103524264971803    -2.9013852107995817    -3.1692687776099713    -2.7724513539314137    -2.9371665600208994
0.677940933037378    -2.901300150471981    -2.5443021802948986    -2.9013001506891505    -2.8934040863484305    -2.947596314900504    -2.7874228602774567    -3.4912478054191167    -2.9371665600208994
0.677940933037378    -2.901300150471981    -2.5443021802948986    -2.901300150689154    -2.861383031656323    -2.8890808799507433    -2.9424931749044236    -2.7428285912290713    -2.9371665600208994
0.677940933037378    -2.901300150471981    -2.5443021802948986    -2.9013001506891443    -2.853937346841063    -2.8724492142774665    -2.979568533524868    -3.206485643493507    -2.9371665600208994
0.677940933037378    -2.901300150471981    -2.5443021802948986    -2.9013001506891496    -2.8847327197683352    -2.9005807274397313    -3.0268873962132177    -2.8806812223321825    -2.9371665600208994
0.677940933037378    -2.901300150471981    -2.5443021802948986    -2.9013001506891496    -2.9005945938095685    -2.899024168143308    -2.901564457736869    -2.7502448100914925    -2.9371665600208994
0.677940933037378    -2.901300150471981    -2.5443021802948986    -2.901300150689153    -2.8599925825662753    -2.8674600702179163    -2.7894273189574226    -2.8408828141800164    -2.9371665600208994
0.677940933037378    -2.901300150471981    -2.5443021802948986    -2.901300150689145    -2.8451191176419437    -2.9900201727044715    -2.9229258391086677    -3.322858761857623    -2.9371665600208994
0.677940933037378    -2.901300150471981    -2.5443021802948986    -2.9013001506891496    -2.819282470940174    -2.855884415794855    -2.9668081856042825    -2.7332681421415246    -2.9371665600208994
0.677940933037378    -2.901300150471981    -2.5443021802948986    -2.901300150689155    -2.9053111772286315    -3.0252238977335595    -2.7658687290624235    -3.134205906159297    -2.9371665600208994
0.677940933037378    -2.901300150471981    -2.5443021802948986    -2.901300150689156    -2.927709794303155    -3.085035275746118    -2.8312188836114554    -3.059809231731815    -2.9371665600208994
0.677940933037378    -2.901300150471981    -2.5443021802948986    -2.9013001506891505    -2.8587827257999514    -2.818575975829235    -2.8684044143840954    -2.685272597099219    -2.9371665600208994
0.677940933037378    -2.901300150471981    -2.5443021802948986    -2.901300150689153    -2.8757264789731685    -2.998550269524734    -2.9492348654202667    -3.4147455042653556    -2.9371665600208994
0.677940933037378    -2.901300150471981    -2.5443021802948986    -2.9013001506891594    -2.8943508762889723    -2.6869122178865723    -3.0046405371458595    -2.831643204976132    -2.9371665600208994
0.677940933037378    -2.901300150471981    -2.5443021802948986    -2.9013001506891434    -2.913038776983883    -2.852158080275731    -2.99717561933258    -2.767836148630382    -2.9371665600208994
0.677940933037378    -2.901300150471981    -2.5443021802948986    -2.9013001506891434    -2.909012710296863    -3.0123251364134926    -3.021612900845105    -2.4393502352376    -2.9371665600208994
0.677940933037378    -2.901300150471981    -2.5443021802948986    -2.9013001506891416    -2.850420448086724    -2.941701380976498    -3.122427741365648    -3.1285350683700495    -2.9371665600208994
0.677940933037378    -2.901300150471981    -2.5443021802948986    -2.901300150689153    -2.906472526005146    -2.994965618513631    -2.9819915022083854    -2.7278766707766477    -2.9371665600208994
0.677940933037378    -2.901300150471981    -2.5443021802948986    -2.9013001506891434    -2.808405039164092    -3.0035603412414162    -2.8254788026126696    -2.682595775356882    -2.9371665600208994
0.677940933037378    -2.901300150471981    -2.5443021802948986    -2.901300150689156    -2.895753763181663    -3.0403995382542277    -3.018690914646029    -2.3061956345756633    -2.9371665600208994
0.677940933037378    -2.901300150471981    -2.5443021802948986    -2.901300150689154    -2.937677650640944    -2.9715631098948716    -2.781449906930385    -2.8580687374903437    -2.9371665600208994
0.677940933037378    -2.901300150471981    -2.5443021802948986    -2.901300150689162    -2.9301248142366747    -2.8979105282850868    -2.9333495869020623    -2.439489952870131    -2.9371665600208994
0.677940933037378    -2.901300150471981    -2.5443021802948986    -2.9013001506891523    -2.802759217242235    -2.9566874632348954    -2.944811596592858    -2.866276385489051    -2.9371665600208994
0.677940933037378    -2.901300150471981    -2.5443021802948986    -2.901300150689153    -3.00376008298222    -3.0420919427176787    -2.8696845239449424    -2.52768154725499    -2.9371665600208994
0.677940933037378    -2.901300150471981    -2.5443021802948986    -2.9013001506891603    -2.8456814906782406    -2.948455002376518    -3.0739780600531597    -2.8950581893882696    -2.9371665600208994
0.677940933037378    -2.901300150471981    -2.5443021802948986    -2.9013001506891594    -2.931711797353473    -2.8577431882612663    -2.729511914459075    -3.218044206154026    -2.9371665600208994
