c0    e_fci    e_hf    ansatz_energy    HF+CS    HF+meas_diag    pauli_all    pauli_qbw    CCSD
-0.27944815159894587    -4.701263063693803    -3.71614547498387    -4.701263089841733    -4.738156377207684    -5.043959146403244    -4.425856853129651    4.536737958169521    -4.862535609180819
-0.27944815159894587    -4.701263063693803    -3.71614547498387    -4.7012630898417385    -4.943117776619683    -5.348503794971877    -4.703390694413685    4.536737958169521    -4.862535609180819
-0.27944815159894587    -4.701263063693803    -3.71614547498387    -4.701263089841728    -4.611166926510765    -4.1455542296169305    -5.206834783393195    4.536737958169521    -4.862535609180819
-0.27944815159894587    -4.701263063693803    -3.71614547498387    -4.701263089841721    -4.790055072761857    -2.4511307706819636    -4.6062278139959405    4.536737958169521    -4.862535609180819
-0.27944815159894587    -4.701263063693803    -3.71614547498387    -4.701263089841724    -4.64889409591426    -4.004912836551093    -4.619146129002507    4.536737958169521    -4.862535609180819
-0.27944815159894587    -4.701263063693803    -3.71614547498387    -4.701263089841715    -4.290427316740771    -4.48508477454805    -4.925652463174541    4.536737958169521    -4.862535609180819
-0.27944815159894587    -4.701263063693803    -3.71614547498387    -4.701263089841726    -4.828706292153941    -6.264516370125846    -4.753417256238666    4.536737958169521    -4.862535609180819
-0.27944815159894587    -4.701263063693803    -3.71614547498387    -4.7012630898417225    -4.441258233854584    -4.352136774045304    -4.632606376602493    4.536737958169521    -4.862535609180819
-0.27944815159894587    -4.701263063693803    -3.71614547498387    -4.701263089841728    -4.608713889614087    -5.011270585412636    -4.542777325066538    4.536737958169521    -4.862535609180819
-0.27944815159894587    -4.701263063693803    -3.71614547498387    -4.70126308984171    -4.612209848396336    -5.1854505659729195    -4.551283831744319    4.536737958169521    -4.862535609180819
-0.27944815159894587    -4.701263063693803    -3.71614547498387    -4.701263089841735    -4.760325092823458    -4.792209790889945    -4.507068731347359    4.536737958169521    -4.862535609180819
-0.27944815159894587    -4.701263063693803    -3.71614547498387    -4.701263089841717    -4.751074091901828    -4.848942748537281    -4.569445046947975    4.536737958169521    -4.862535609180819
-0.27944815159894587    -4.701263063693803    -3.71614547498387    -4.701263089841715    -4.610876312141461    -4.67600978708737    -3.91769930912478    4.536737958169521    -4.862535609180819
-0.27944815159894587    -4.701263063693803    -3.71614547498387    -4.701263089841735    -4.580718479689153    -5.612889009716798    -4.495185859653011    4.536737958169521    -4.862535609180819
-0.27944815159894587    -4.701263063693803    -3.71614547498387    -4.7012630898417225    -4.304578867163652    -4.481109214395474    -4.351665492729685    4.536737958169521    -4.862535609180819
-0.27944815159894587    -4.701263063693803    -3.71614547498387    -4.701263089841721    -4.423646604941285    -3.5874498836316704    -4.4337532985508314    4.536737958169521    -4.862535609180819
-0.27944815159894587    -4.701263063693803    -3.71614547498387    -4.7012630898417225    -4.732013380957793    -4.614120552429193    -4.689475257838048    4.536737958169521    -4.862535609180819
-0.27944815159894587    -4.701263063693803    -3.71614547498387    -4.70126308984173    -4.450706009903699    -3.8887139641761372    -4.577492840302962    4.536737958169521    -4.862535609180819
-0.27944815159894587    -4.701263063693803    -3.71614547498387    -4.701263089841726    -4.971884188308686    -5.391463018647245    -4.534698663193378    4.536737958169521    -4.862535609180819
-0.27944815159894587    -4.701263063693803    -3.71614547498387    -4.701263089841724    -4.719722032537596    -3.3993852381920675    -4.957632928157689    4.536737958169521    -4.862535609180819
-0.27944815159894587    -4.701263063693803    -3.71614547498387    -4.701263089841728    -4.7881227771206065    -4.5596793831547675    -4.546167467417648    4.536737958169521    -4.862535609180819
-0.27944815159894587    -4.701263063693803    -3.71614547498387    -4.701263089841726    -4.391887872034817    -4.841976058054831    -4.822908098785397    4.536737958169521    -4.862535609180819
-0.27944815159894587    -4.701263063693803    -3.71614547498387    -4.7012630898417225    -4.599635510646843    -4.76513493049138    -4.6708065471648625    4.536737958169521    -4.862535609180819
-0.27944815159894587    -4.701263063693803    -3.71614547498387    -4.701263089841733    -4.828546193303586    -2.4223190605323213    -4.93463395873731    4.536737958169521    -4.862535609180819
-0.27944815159894587    -4.701263063693803    -3.71614547498387    -4.701263089841733    -4.476703738050538    -6.715671001920961    -4.9935865741129835    4.536737958169521    -4.862535609180819
-0.27944815159894587    -4.701263063693803    -3.71614547498387    -4.701263089841731    -4.622006282348521    -3.511835640670775    -4.516836225131613    4.536737958169521    -4.862535609180819
-0.27944815159894587    -4.701263063693803    -3.71614547498387    -4.701263089841728    -4.756395969025045    -3.6122087542565513    -4.544692717849742    4.536737958169521    -4.862535609180819
-0.27944815159894587    -4.701263063693803    -3.71614547498387    -4.701263089841717    -4.766707659002467    -5.33279770787718    -4.53149548830793    4.536737958169521    -4.862535609180819
-0.27944815159894587    -4.701263063693803    -3.71614547498387    -4.701263089841733    -4.470153657384895    -3.081503755824759    -4.787710665231937    4.536737958169521    -4.862535609180819
-0.27944815159894587    -4.701263063693803    -3.71614547498387    -4.7012630898417225    -4.6846213969714565    -4.31973793317381    -4.745918107672108    4.536737958169521    -4.862535609180819
-0.27944815159894587    -4.701263063693803    -3.71614547498387    -4.701263089841726    -5.029480198912096    -4.453868746993303    -4.946248744131363    4.536737958169521    -4.862535609180819
-0.27944815159894587    -4.701263063693803    -3.71614547498387    -4.701263089841726    -4.607865862540643    -4.914419383511445    -4.3674140829344745    4.536737958169521    -4.862535609180819
-0.27944815159894587    -4.701263063693803    -3.71614547498387    -4.7012630898417225    -4.535588913553854    -4.043728649488552    -4.392310056137982    4.536737958169521    -4.862535609180819
-0.27944815159894587    -4.701263063693803    -3.71614547498387    -4.701263089841728    -4.761902557588161    -5.2462742842794645    -4.465518393653432    4.536737958169521    -4.862535609180819
-0.27944815159894587    -4.701263063693803    -3.71614547498387    -4.701263089841733    -4.77066331957857    -4.94429769880245    -4.717339413098424    4.536737958169521    -4.862535609180819
-0.27944815159894587    -4.701263063693803    -3.71614547498387    -4.701263089841724    -4.621973660119784    -4.017555324517719    -4.451495598313616    4.536737958169521    -4.862535609180819
-0.27944815159894587    -4.701263063693803    -3.71614547498387    -4.70126308984173    -4.599664541690901    -3.4834561382901197    -4.8349584464884545    4.536737958169521    -4.862535609180819
-0.27944815159894587    -4.701263063693803    -3.71614547498387    -4.701263089841728    -4.603494682400868    -4.0551270926301575    -4.487492714325833    4.536737958169521    -4.862535609180819
-0.27944815159894587    -4.701263063693803    -3.71614547498387    -4.701263089841726    -4.673980937468963    -4.165619477143439    -4.5755166822058975    4.536737958169521    -4.862535609180819
-0.27944815159894587    -4.701263063693803    -3.71614547498387    -4.701263089841733    -5.6350042003034035    -4.466586061028579    -4.415361781983617    4.536737958169521    -4.862535609180819
-0.27944815159894587    -4.701263063693803    -3.71614547498387    -4.70126308984171    -4.585830568176902    -4.518568310944634    -4.789281149709957    4.536737958169521    -4.862535609180819
-0.27944815159894587    -4.701263063693803    -3.71614547498387    -4.701263089841744    -4.346244163636773    -6.241843366478463    -5.077120516614787    4.536737958169521    -4.862535609180819
-0.27944815159894587    -4.701263063693803    -3.71614547498387    -4.701263089841728    -4.643806417203724    -3.576450991929598    -4.6788872608844185    4.536737958169521    -4.862535609180819
-0.27944815159894587    -4.701263063693803    -3.71614547498387    -4.701263089841731    -5.7221099180571935    -4.808823217538492    -4.47282692672938    4.536737958169521    -4.862535609180819
-0.27944815159894587    -4.701263063693803    -3.71614547498387    -4.7012630898417225    -4.165548879677319    -5.5151672263912985    -4.799648887168702    4.536737958169521    -4.862535609180819
-0.27944815159894587    -4.701263063693803    -3.71614547498387    -4.701263089841708    -5.1309300102549535    -4.139893069913569    -4.9561230665641105    4.536737958169521    -4.862535609180819
-0.27944815159894587    -4.701263063693803    -3.71614547498387    -4.701263089841733    -5.005705932329867    -7.092596399971546    -4.199397212719628    4.536737958169521    -4.862535609180819
-0.27944815159894587    -4.701263063693803    -3.71614547498387    -4.701263089841726    -4.624416076198126    -4.057580457428182    -4.750113981014793    4.536737958169521    -4.862535609180819
-0.27944815159894587    -4.701263063693803    -3.71614547498387    -4.701263089841724    -5.0781001143784765    -4.142889551297998    -4.421884494402107    4.536737958169521    -4.862535609180819
-0.27944815159894587    -4.701263063693803    -3.71614547498387    -4.701263089841735    -4.642336830105046    -4.796457551270205    -4.404256243645019    4.536737958169521    -4.862535609180819
-0.27944815159894587    -4.701263063693803    -3.71614547498387    -4.7012630898417225    -4.670032035226316    -3.795890579009818    -4.425352026050743    4.536737958169521    -4.862535609180819
-0.27944815159894587    -4.701263063693803    -3.71614547498387    -4.701263089841731    -4.468039158361431    -6.256256293511685    -4.296425780179891    4.536737958169521    -4.862535609180819
-0.27944815159894587    -4.701263063693803    -3.71614547498387    -4.70126308984173    -4.558271956549573    -4.668123617155262    -4.91322194370168    4.536737958169521    -4.862535609180819
-0.27944815159894587    -4.701263063693803    -3.71614547498387    -4.701263089841735    -4.541548076664484    -4.83092968472346    -4.857272020914293    4.536737958169521    -4.862535609180819
-0.27944815159894587    -4.701263063693803    -3.71614547498387    -4.701263089841726    -4.819465656212907    -6.460993826923101    -4.811820322647443    4.536737958169521    -4.862535609180819
-0.27944815159894587    -4.701263063693803    -3.71614547498387    -4.701263089841728    -4.633070138538455    -4.789294820901924    -4.784057667562512    4.536737958169521    -4.862535609180819
-0.27944815159894587    -4.701263063693803    -3.71614547498387    -4.701263089841726    -4.343319464667179    -4.729025676613253    -4.633533717869339    4.536737958169521    -4.862535609180819
-0.27944815159894587    -4.701263063693803    -3.71614547498387    -4.701263089841714    -5.514458310923567    -3.6482728512101508    -4.79727191090507    4.536737958169521    -4.862535609180819
-0.27944815159894587    -4.701263063693803    -3.71614547498387    -4.701263089841728    -4.465050454038538    -4.019393671041965    -5.2108458140329    4.536737958169521    -4.862535609180819
-0.27944815159894587    -4.701263063693803    -3.71614547498387    -4.701263089841721    -5.35546857734864    -5.239454065651115    -4.761245044050809    4.536737958169521    -4.862535609180819
-0.27944815159894587    -4.701263063693803    -3.71614547498387    -4.70126308984173    -4.59464363854541    -4.242902249857611    -4.608563630344128    4.536737958169521    -4.862535609180819
-0.27944815159894587    -4.701263063693803    -3.71614547498387    -4.701263089841719    -5.3789462346688675    -3.580962994561908    -4.364495264210438    4.536737958169521    -4.862535609180819
-0.27944815159894587    -4.701263063693803    -3.71614547498387    -4.701263089841733    -4.987626890547412    -3.759112274980927    -4.630986942805069    4.536737958169521    -4.862535609180819
-0.27944815159894587    -4.701263063693803    -3.71614547498387    -4.70126308984173    -4.840655960212957    -5.00881635512471    -4.489063423447499    4.536737958169521    -4.862535609180819
-0.27944815159894587    -4.701263063693803    -3.71614547498387    -4.701263089841747    -4.621218083821317    -4.403815434295698    -4.520054810881397    4.536737958169521    -4.862535609180819
-0.27944815159894587    -4.701263063693803    -3.71614547498387    -4.701263089841735    -4.4737505386453424    -5.559615414874045    -4.318561043254061    4.536737958169521    -4.862535609180819
-0.27944815159894587    -4.701263063693803    -3.71614547498387    -4.701263089841715    -5.1171645755954245    -6.170004913503764    -5.0807050807702785    4.536737958169521    -4.862535609180819
-0.27944815159894587    -4.701263063693803    -3.71614547498387    -4.701263089841742    -4.4979820881690955    -4.555263313828651    -4.857319637610561    4.536737958169521    -4.862535609180819
-0.27944815159894587    -4.701263063693803    -3.71614547498387    -4.701263089841737    -4.53363261248449    -5.035520252250763    -4.6543597806007835    4.536737958169521    -4.862535609180819
-0.27944815159894587    -4.701263063693803    -3.71614547498387    -4.701263089841728    -4.53442037563348    -3.7536943400482423    -4.278073122080638    4.536737958169521    -4.862535609180819
-0.27944815159894587    -4.701263063693803    -3.71614547498387    -4.701263089841726    -4.414306085294724    -3.6967694414976453    -4.62851438775373    4.536737958169521    -4.862535609180819
-0.27944815159894587    -4.701263063693803    -3.71614547498387    -4.70126308984174    -4.518429994381693    -4.583126176488994    -4.887602342233499    4.536737958169521    -4.862535609180819
-0.27944815159894587    -4.701263063693803    -3.71614547498387    -4.7012630898417225    -4.290394892265877    -4.701536959154634    -4.931915424980353    4.536737958169521    -4.862535609180819
-0.27944815159894587    -4.701263063693803    -3.71614547498387    -4.701263089841726    -4.639086491117216    -4.0889251793317705    -5.114948075746787    4.536737958169521    -4.862535609180819
-0.27944815159894587    -4.701263063693803    -3.71614547498387    -4.701263089841721    -5.4697615455881605    -4.54104001132874    -4.985480123389409    4.536737958169521    -4.862535609180819
-0.27944815159894587    -4.701263063693803    -3.71614547498387    -4.70126308984173    -4.770601488940446    -1.3774496012869353    -4.473353110502573    4.536737958169521    -4.862535609180819
-0.27944815159894587    -4.701263063693803    -3.71614547498387    -4.70126308984173    -4.5228448624975455    -4.33633666972915    -4.630817648210572    4.536737958169521    -4.862535609180819
-0.27944815159894587    -4.701263063693803    -3.71614547498387    -4.7012630898417385    -4.534003018718987    -3.6790120400189283    -4.696981194555952    4.536737958169521    -4.862535609180819
-0.27944815159894587    -4.701263063693803    -3.71614547498387    -4.701263089841717    -5.178289496471318    -4.689807893509626    -4.748606740588424    4.536737958169521    -4.862535609180819
-0.27944815159894587    -4.701263063693803    -3.71614547498387    -4.701263089841735    -4.664614148744209    -5.283149040138268    -4.58268126444998    4.536737958169521    -4.862535609180819
-0.27944815159894587    -4.701263063693803    -3.71614547498387    -4.701263089841726    -4.798801040178935    -3.6449942376774405    -4.792587743719167    4.536737958169521    -4.862535609180819
-0.27944815159894587    -4.701263063693803    -3.71614547498387    -4.701263089841746    -4.612002172348558    -5.167892494265605    -4.537644930025345    4.536737958169521    -4.862535609180819
-0.27944815159894587    -4.701263063693803    -3.71614547498387    -4.701263089841728    -4.373706859942975    -4.908324628629235    -5.09469758649623    4.536737958169521    -4.862535609180819
-0.27944815159894587    -4.701263063693803    -3.71614547498387    -4.701263089841726    -4.756992109443023    -7.236273676638502    -5.080452517394195    4.536737958169521    -4.862535609180819
-0.27944815159894587    -4.701263063693803    -3.71614547498387    -4.701263089841726    -5.322029292446212    -3.5863141389080537    -4.524755101298574    4.536737958169521    -4.862535609180819
-0.27944815159894587    -4.701263063693803    -3.71614547498387    -4.701263089841721    -4.4697621776972145    -7.297944557795375    -4.541089305489149    4.536737958169521    -4.862535609180819
-0.27944815159894587    -4.701263063693803    -3.71614547498387    -4.70126308984173    -6.175421570997013    -4.256869957793961    -4.799701516714763    4.536737958169521    -4.862535609180819
-0.27944815159894587    -4.701263063693803    -3.71614547498387    -4.701263089841721    -4.889920754231616    -4.447089352002015    -4.323692241294681    4.536737958169521    -4.862535609180819
-0.27944815159894587    -4.701263063693803    -3.71614547498387    -4.701263089841726    -5.277754734162386    -4.089940804797862    -4.4961312664858495    4.536737958169521    -4.862535609180819
-0.27944815159894587    -4.701263063693803    -3.71614547498387    -4.701263089841717    -4.510055969717565    -4.642828096816194    -4.78502030722751    4.536737958169521    -4.862535609180819
-0.27944815159894587    -4.701263063693803    -3.71614547498387    -4.701263089841726    -4.437710478346677    -4.918536945630542    -4.822407755939298    4.536737958169521    -4.862535609180819
-0.27944815159894587    -4.701263063693803    -3.71614547498387    -4.701263089841726    -4.763927631607454    -4.28559739827921    -4.658883821107006    4.536737958169521    -4.862535609180819
-0.27944815159894587    -4.701263063693803    -3.71614547498387    -4.701263089841728    -4.622751011185711    -4.755948792757734    -4.918535065869465    4.536737958169521    -4.862535609180819
-0.27944815159894587    -4.701263063693803    -3.71614547498387    -4.701263089841733    -4.621011151876799    -5.448834285815872    -4.814652546763074    4.536737958169521    -4.862535609180819
-0.27944815159894587    -4.701263063693803    -3.71614547498387    -4.701263089841733    -4.650826084777876    -4.260989205024744    -5.188311871574147    4.536737958169521    -4.862535609180819
-0.27944815159894587    -4.701263063693803    -3.71614547498387    -4.70126308984173    -6.415208689253064    -4.538995593797241    -4.40606564680755    4.536737958169521    -4.862535609180819
-0.27944815159894587    -4.701263063693803    -3.71614547498387    -4.701263089841731    -4.416968095549066    -5.260831086405396    -4.550292427291172    4.536737958169521    -4.862535609180819
-0.27944815159894587    -4.701263063693803    -3.71614547498387    -4.701263089841724    -4.696270836000187    -2.859325464861544    -4.634232492139026    4.536737958169521    -4.862535609180819
-0.27944815159894587    -4.701263063693803    -3.71614547498387    -4.701263089841728    -4.896391989494581    -4.991150358427788    -4.4158976734339035    4.536737958169521    -4.862535609180819
-0.27944815159894587    -4.701263063693803    -3.71614547498387    -4.701263089841737    -5.226579881844982    -2.24998082060828    -4.723465804521546    4.536737958169521    -4.862535609180819
-0.27944815159894587    -4.701263063693803    -3.71614547498387    -4.701263089841715    -5.009809449946019    -5.615659221861154    -4.890155089592281    4.536737958169521    -4.862535609180819
-0.27944815159894587    -4.701263063693803    -3.71614547498387    -4.701263089841724    -5.076487478542435    -3.819883253168746    -4.564480533456336    4.536737958169521    -4.862535609180819
-0.27944815159894587    -4.701263063693803    -3.71614547498387    -4.701263089841731    -4.616549098621194    -3.676331692720321    -4.991702317736439    4.536737958169521    -4.862535609180819
-0.27944815159894587    -4.701263063693803    -3.71614547498387    -4.7012630898417225    -5.021435780422293    -5.046636310409966    -4.721911232652893    4.536737958169521    -4.862535609180819
-0.27944815159894587    -4.701263063693803    -3.71614547498387    -4.701263089841731    -4.90497496856549    -6.160729736447935    -4.667843660474839    4.536737958169521    -4.862535609180819
-0.27944815159894587    -4.701263063693803    -3.71614547498387    -4.70126308984173    -4.594220364759005    -5.144643223033928    -4.681796060464663    4.536737958169521    -4.862535609180819
-0.27944815159894587    -4.701263063693803    -3.71614547498387    -4.701263089841742    -4.813693759791039    -5.387128191316694    -4.778366872965829    4.536737958169521    -4.862535609180819
-0.27944815159894587    -4.701263063693803    -3.71614547498387    -4.701263089841737    -4.907020461152025    -4.470799941523076    -5.43613679477113    4.536737958169521    -4.862535609180819
-0.27944815159894587    -4.701263063693803    -3.71614547498387    -4.701263089841717    -4.659788710014695    -5.864573690817844    -4.239728630439549    4.536737958169521    -4.862535609180819
-0.27944815159894587    -4.701263063693803    -3.71614547498387    -4.701263089841735    -4.898511849010248    -3.9130131895412763    -4.810733142061738    4.536737958169521    -4.862535609180819
-0.27944815159894587    -4.701263063693803    -3.71614547498387    -4.701263089841728    -4.710338518764334    -5.412975718127553    -4.732022333056534    4.536737958169521    -4.862535609180819
-0.27944815159894587    -4.701263063693803    -3.71614547498387    -4.70126308984173    -4.8052683332131725    -4.19034891465822    -5.212714593664422    4.536737958169521    -4.862535609180819
-0.27944815159894587    -4.701263063693803    -3.71614547498387    -4.701263089841728    -5.076851966266825    -5.909999182291589    -4.395459887672917    4.536737958169521    -4.862535609180819
-0.27944815159894587    -4.701263063693803    -3.71614547498387    -4.701263089841749    -5.207323088143788    -3.7929661394909315    -4.287862002887281    4.536737958169521    -4.862535609180819
-0.27944815159894587    -4.701263063693803    -3.71614547498387    -4.701263089841728    -4.645572507546346    -5.206476397555151    -4.778048222833198    4.536737958169521    -4.862535609180819
-0.27944815159894587    -4.701263063693803    -3.71614547498387    -4.7012630898417225    -4.438343671633197    -6.083442944716426    -4.97815379898154    4.536737958169521    -4.862535609180819
-0.27944815159894587    -4.701263063693803    -3.71614547498387    -4.70126308984173    -4.855461872102587    -6.207886580138425    -5.045092202852163    4.536737958169521    -4.862535609180819
-0.27944815159894587    -4.701263063693803    -3.71614547498387    -4.701263089841724    -4.673347003777372    -4.1850067611424375    -4.837905260382628    4.536737958169521    -4.862535609180819
-0.27944815159894587    -4.701263063693803    -3.71614547498387    -4.701263089841731    -5.170331716515004    -6.969875834802695    -4.939553641537654    4.536737958169521    -4.862535609180819
-0.27944815159894587    -4.701263063693803    -3.71614547498387    -4.7012630898417385    -4.902944291917808    -4.465558068939721    -4.400900973637513    4.536737958169521    -4.862535609180819
-0.27944815159894587    -4.701263063693803    -3.71614547498387    -4.70126308984173    -4.5588429493369045    -5.145232157386535    -4.5609223510055426    4.536737958169521    -4.862535609180819
-0.27944815159894587    -4.701263063693803    -3.71614547498387    -4.7012630898417225    -4.610201545687285    -3.9577129684240755    -4.520562924791607    4.536737958169521    -4.862535609180819
-0.27944815159894587    -4.701263063693803    -3.71614547498387    -4.701263089841733    -4.3898250106944285    -4.91833202048129    -5.261866588708614    4.536737958169521    -4.862535609180819
-0.27944815159894587    -4.701263063693803    -3.71614547498387    -4.701263089841714    -4.635924582617757    -3.635175349346503    -4.65366515120939    4.536737958169521    -4.862535609180819
-0.27944815159894587    -4.701263063693803    -3.71614547498387    -4.701263089841735    -4.8179320655314015    -4.15569607358619    -4.986151317275558    4.536737958169521    -4.862535609180819
-0.27944815159894587    -4.701263063693803    -3.71614547498387    -4.701263089841719    -4.355015866028847    -4.784185820402369    -4.8851109820573635    4.536737958169521    -4.862535609180819
-0.27944815159894587    -4.701263063693803    -3.71614547498387    -4.701263089841733    -4.615196346421499    -5.526760337835968    -4.755787962678732    4.536737958169521    -4.862535609180819
-0.27944815159894587    -4.701263063693803    -3.71614547498387    -4.701263089841724    -4.471675338100253    -3.9939444211645805    -4.679502733799266    4.536737958169521    -4.862535609180819
-0.27944815159894587    -4.701263063693803    -3.71614547498387    -4.701263089841742    -5.2148723586170265    -4.846109999339721    -4.1788161194280615    4.536737958169521    -4.862535609180819
-0.27944815159894587    -4.701263063693803    -3.71614547498387    -4.701263089841719    -4.6332058317800895    -5.3363792991227985    -5.0466050218771805    4.536737958169521    -4.862535609180819
-0.27944815159894587    -4.701263063693803    -3.71614547498387    -4.701263089841728    -4.559223236241325    -4.725582630091009    -4.7857479561828    4.536737958169521    -4.862535609180819
-0.27944815159894587    -4.701263063693803    -3.71614547498387    -4.701263089841735    -4.473186369160819    -4.408241624286626    -4.845408002236231    4.536737958169521    -4.862535609180819
-0.27944815159894587    -4.701263063693803    -3.71614547498387    -4.70126308984174    -4.245741827823293    -5.760697497956458    -4.722045950193584    4.536737958169521    -4.862535609180819
-0.27944815159894587    -4.701263063693803    -3.71614547498387    -4.701263089841735    -4.763833506326287    -3.3460123271575894    -5.162758652653696    4.536737958169521    -4.862535609180819
-0.27944815159894587    -4.701263063693803    -3.71614547498387    -4.701263089841731    -4.914591717782967    -5.144235700368782    -4.285489790392257    4.536737958169521    -4.862535609180819
-0.27944815159894587    -4.701263063693803    -3.71614547498387    -4.7012630898417225    -4.887523978493795    -4.762438934078136    -4.4714581494641035    4.536737958169521    -4.862535609180819
-0.27944815159894587    -4.701263063693803    -3.71614547498387    -4.701263089841717    -4.7897234163664235    -4.853758049086785    -4.99074255184747    4.536737958169521    -4.862535609180819
-0.27944815159894587    -4.701263063693803    -3.71614547498387    -4.70126308984174    -4.449440271216467    -4.965985080998817    -4.963543623358336    4.536737958169521    -4.862535609180819
-0.27944815159894587    -4.701263063693803    -3.71614547498387    -4.701263089841724    -4.572177615771472    -3.704658998779039    -4.811361052590032    4.536737958169521    -4.862535609180819
-0.27944815159894587    -4.701263063693803    -3.71614547498387    -4.701263089841728    -4.90787379231147    -3.927519894192201    -4.802243992948623    4.536737958169521    -4.862535609180819
-0.27944815159894587    -4.701263063693803    -3.71614547498387    -4.701263089841719    -4.662089038672023    -1.6464438037061018    -4.31968325466973    4.536737958169521    -4.862535609180819
-0.27944815159894587    -4.701263063693803    -3.71614547498387    -4.70126308984173    -4.595428570721332    -4.522516648468425    -4.766273158953677    4.536737958169521    -4.862535609180819
-0.27944815159894587    -4.701263063693803    -3.71614547498387    -4.701263089841719    -4.63609865625879    -4.621879417604634    -4.707490850335279    4.536737958169521    -4.862535609180819
-0.27944815159894587    -4.701263063693803    -3.71614547498387    -4.701263089841733    -5.05908525438999    -5.198730283153859    -4.973992697594584    4.536737958169521    -4.862535609180819
-0.27944815159894587    -4.701263063693803    -3.71614547498387    -4.701263089841726    -5.112878497973723    -5.1032540153070425    -4.724669479382435    4.536737958169521    -4.862535609180819
-0.27944815159894587    -4.701263063693803    -3.71614547498387    -4.701263089841728    -4.620388634135589    -4.97525026160867    -4.895439254043342    4.536737958169521    -4.862535609180819
-0.27944815159894587    -4.701263063693803    -3.71614547498387    -4.701263089841726    -5.188405552513303    -3.1232265818500737    -4.73000071818021    4.536737958169521    -4.862535609180819
-0.27944815159894587    -4.701263063693803    -3.71614547498387    -4.701263089841726    -4.741403249827023    -5.349802339875837    -5.05869032898813    4.536737958169521    -4.862535609180819
-0.27944815159894587    -4.701263063693803    -3.71614547498387    -4.701263089841731    -4.792580961957319    -5.003408406867579    -4.755613134237984    4.536737958169521    -4.862535609180819
-0.27944815159894587    -4.701263063693803    -3.71614547498387    -4.701263089841726    -4.713555086802904    -4.694562591463073    -4.722427411116505    4.536737958169521    -4.862535609180819
-0.27944815159894587    -4.701263063693803    -3.71614547498387    -4.701263089841721    -4.5696525910368155    -3.63483257894359    -4.775173861883902    4.536737958169521    -4.862535609180819
-0.27944815159894587    -4.701263063693803    -3.71614547498387    -4.701263089841719    -4.428180242075447    -4.42043758792845    -4.491830883860737    4.536737958169521    -4.862535609180819
-0.27944815159894587    -4.701263063693803    -3.71614547498387    -4.70126308984173    -4.630665981991946    -3.9869368547818884    -4.2904364429748325    4.536737958169521    -4.862535609180819
-0.27944815159894587    -4.701263063693803    -3.71614547498387    -4.701263089841719    -4.305752797774129    -4.300786296020522    -4.5904269524665615    4.536737958169521    -4.862535609180819
-0.27944815159894587    -4.701263063693803    -3.71614547498387    -4.701263089841733    -5.496091316507221    -5.401549913417153    -4.8560245444936045    4.536737958169521    -4.862535609180819
-0.27944815159894587    -4.701263063693803    -3.71614547498387    -4.701263089841735    -5.089872433557516    -5.6458113903819624    -4.877570071309646    4.536737958169521    -4.862535609180819
-0.27944815159894587    -4.701263063693803    -3.71614547498387    -4.701263089841747    -4.813863303395464    -3.8523784473705063    -4.528143950928547    4.536737958169521    -4.862535609180819
-0.27944815159894587    -4.701263063693803    -3.71614547498387    -4.701263089841726    -4.649542871742475    -4.501261538084511    -4.8864905167088395    4.536737958169521    -4.862535609180819
-0.27944815159894587    -4.701263063693803    -3.71614547498387    -4.701263089841721    -4.788238825935948    -4.690309477762738    -4.797738967758538    4.536737958169521    -4.862535609180819
-0.27944815159894587    -4.701263063693803    -3.71614547498387    -4.7012630898417225    -4.331245324868626    -3.883788955564196    -4.372583914747057    4.536737958169521    -4.862535609180819
-0.27944815159894587    -4.701263063693803    -3.71614547498387    -4.701263089841717    -4.485170702756328    -6.066253377088854    -5.094201950093272    4.536737958169521    -4.862535609180819
-0.27944815159894587    -4.701263063693803    -3.71614547498387    -4.701263089841726    -4.551961857492147    -5.567004654153186    -4.895213634112477    4.536737958169521    -4.862535609180819
-0.27944815159894587    -4.701263063693803    -3.71614547498387    -4.7012630898417225    -4.353942771774425    -4.681598091671816    -4.512047849896083    4.536737958169521    -4.862535609180819
-0.27944815159894587    -4.701263063693803    -3.71614547498387    -4.701263089841721    -5.132275409922861    -4.2289147981624655    -4.379005846977464    4.536737958169521    -4.862535609180819
-0.27944815159894587    -4.701263063693803    -3.71614547498387    -4.701263089841712    -4.363469934025161    -3.9945400385787635    -4.869316909128203    4.536737958169521    -4.862535609180819
-0.27944815159894587    -4.701263063693803    -3.71614547498387    -4.701263089841721    -4.409813256535258    -5.481136822346853    -4.6554230666255565    4.536737958169521    -4.862535609180819
-0.27944815159894587    -4.701263063693803    -3.71614547498387    -4.701263089841717    -4.541240813723199    -4.46300845080936    -4.555163485025964    4.536737958169521    -4.862535609180819
-0.27944815159894587    -4.701263063693803    -3.71614547498387    -4.701263089841712    -4.428844454757566    -4.594308979256892    -4.423251537142697    4.536737958169521    -4.862535609180819
-0.27944815159894587    -4.701263063693803    -3.71614547498387    -4.701263089841719    -4.980461540095846    -3.576312863523074    -4.699437334736765    4.536737958169521    -4.862535609180819
-0.27944815159894587    -4.701263063693803    -3.71614547498387    -4.701263089841717    -4.445719093215062    -5.360808856962727    -4.655582152978026    4.536737958169521    -4.862535609180819
-0.27944815159894587    -4.701263063693803    -3.71614547498387    -4.701263089841714    -4.926098905824606    -3.8646679013379512    -5.023436364404044    4.536737958169521    -4.862535609180819
-0.27944815159894587    -4.701263063693803    -3.71614547498387    -4.701263089841735    -4.740840912612807    -4.661713359738113    -4.388620038327217    4.536737958169521    -4.862535609180819
-0.27944815159894587    -4.701263063693803    -3.71614547498387    -4.701263089841744    -4.710096196129113    -5.219283824781483    -4.15592727105616    4.536737958169521    -4.862535609180819
-0.27944815159894587    -4.701263063693803    -3.71614547498387    -4.7012630898417385    -4.513750996363739    -4.569540130536878    -4.677742065544149    4.536737958169521    -4.862535609180819
-0.27944815159894587    -4.701263063693803    -3.71614547498387    -4.701263089841733    -4.4220454880918965    -4.3133406366313665    -4.469426850940299    4.536737958169521    -4.862535609180819
-0.27944815159894587    -4.701263063693803    -3.71614547498387    -4.701263089841724    -4.787708277397092    -4.287398549766774    -5.123815405756391    4.536737958169521    -4.862535609180819
-0.27944815159894587    -4.701263063693803    -3.71614547498387    -4.7012630898417225    -4.716772764095369    -4.62118738146381    -4.663015498770278    4.536737958169521    -4.862535609180819
