HF    FCI_atom    FCI_emb    VQE_emb
-12.512483296399608    -12.589370599130813    -12.556662352247944    (-12.55383806913628+0.0018011429377338673j)
-12.512483296399608    -12.589370599127736    -12.55666235213733    (-12.565453973513101-0.0002992104721261643j)
-12.512483296399608    -12.589370599126989    -12.556662352179998    (-12.557804927801135-0.0008879175757425231j)
-12.512483296399608    -12.589370599126932    -12.556662352235989    (-12.56439404822815-2.6647203382556115e-05j)
-12.512483296399608    -12.5893705991298    -12.556662352274852    (-12.54928346426685-0.0017138375658943426j)
-12.512483296399608    -12.589370599129099    -12.556662352240364    (-12.557668302216694-0.001997137676610434j)
-12.512483296399608    -12.589370599124218    -12.556662352189415    (-12.559604450214103-0.002115039378196587j)
-12.512483296399608    -12.589370599126175    -12.556662352268669    (-12.566206840978072-0.0014956593641972176j)
-12.512483296399608    -12.589370599127694    -12.556662352236426    (-12.588259816416247+0.008065089549686691j)
-12.512483296399608    -12.589370599125626    -12.556662352237844    (-12.56513679219204-0.004820634703276117j)
-12.512483296399608    -12.589370599126521    -12.556662352339986    (-12.557716568621508-0.002367256615224776j)
-12.512483296399608    -12.589370599130401    -12.556662352243478    (-12.552357785077493+0.003453369842011513j)
-12.512483296399608    -12.589370599127808    -12.556662352240744    (-12.561733882681876-0.0023116561061008313j)
-12.512483296399608    -12.589370599126283    -12.556662352216625    (-12.557882155466796-0.0008350384412345923j)
-12.512483296399608    -12.58937059912419    -12.556662352247216    (-12.573722848488206+0.0001194866001205288j)
-12.512483296399608    -12.589370599124475    -12.556662354087559    (-12.557483224237698+0.0008904777106577121j)
-12.512483296399608    -12.589370599125978    -12.556662352019103    (-12.556178832919702-0.0012940345605580053j)
-12.512483296399608    -12.589370599129287    -12.556662352242675    (-12.555795084431491-0.0011669058875958878j)
-12.512483296399608    -12.589370599123994    -12.556662352245882    (-12.55535997871069-0.0002967318010300679j)
-12.512483296399608    -12.589370599126479    -12.556662350413362    (-12.560868127853269+0.0033573314386319483j)
-12.512483296399608    -12.589370599128614    -12.55666235223836    (-12.556409299737398+0.00012774311291247731j)
-12.512483296399608    -12.589370599125338    -12.55666235241755    (-12.551912742375592+2.9661455877015136e-05j)
-12.512483296399608    -12.589370599126863    -12.556662352385777    (-12.564513424319943+0.000566973781190359j)
-12.512483296399608    -12.589370599128788    -12.556662352234053    (-12.561445995131638-0.0026990118043784296j)
-12.512483296399608    -12.589370599122601    -12.556662352242812    (-12.548157130435625-0.00238455738116114j)
-12.512483296399608    -12.589370599126363    -12.55666235224201    (-12.553152022639255+0.0005153231355898131j)
-12.512483296399608    -12.589370599124326    -12.556662352251081    (-12.54749563484246-0.0009853109092152381j)
-12.512483296399608    -12.589370599127584    -12.55666235223957    (-12.550524713254053+0.00023313661670766947j)
-12.512483296399608    -12.589370599127541    -12.556662352237566    (-12.569141819553971+0.002864398753825999j)
-12.512483296399608    -12.58937059912923    -12.556662352245922    (-12.548340972627564-5.316503448989237e-05j)
-12.512483296399608    -12.589370599127873    -12.556662352244603    (-12.559147617399363+0.0003988916126737392j)
-12.512483296399608    -12.589370599129548    -12.556662352149122    (-12.560008256120236-0.001367461150324034j)
-12.512483296399608    -12.589370599124834    -12.55666235223504    (-12.562925519860888-0.0004268217384245304j)
-12.512483296399608    -12.589370599126775    -12.556662352112912    (-12.550900314621598+0.0028426240689727314j)
-12.512483296399608    -12.589370599126807    -12.556662352228308    (-12.556669052893016+0.00043133173327672105j)
-12.512483296399608    -12.58937059912483    -12.556662352205212    (-12.568626621561444-0.008682553619289561j)
-12.512483296399608    -12.589370599125917    -12.556662352238776    (-12.558646060283792+0.00038402575851953036j)
-12.512483296399608    -12.589370599125116    -12.5566623522433    (-12.562365947749642-5.099942395046312e-05j)
-12.512483296399608    -12.589370599133488    -12.556662352244507    (-12.556555136021874+0.0008731222493521582j)
-12.512483296399608    -12.589370599125765    -12.556662352248656    (-12.56418803667725+0.0032060667780229564j)
-12.512483296399608    -12.589370599127944    -12.556662352019686    (-12.558588370847584-0.0027742773431948375j)
-12.512483296399608    -12.589370599125328    -12.55666235224428    (-12.552505146336566+0.0005001440596333469j)
-12.512483296399608    -12.589370599126067    -12.556662352222988    (-12.560742788463665+0.003378586267795049j)
-12.512483296399608    -12.589370599127859    -12.556662352230466    (-12.553473875124196+0.0020247269964598132j)
-12.512483296399608    -12.589370599124354    -12.556662352243118    (-12.5560002381438+0.00182239399741426j)
-12.512483296399608    -12.589370599127495    -12.556662352196872    (-12.561808127876834+0.00030137608762504216j)
-12.512483296399608    -12.589370599125571    -12.556662352246715    (-12.550673755409457-0.00224772537555747j)
-12.512483296399608    -12.589370599128781    -12.556662352242611    (-12.541211328013194+0.002793097169592653j)
-12.512483296399608    -12.589370599124784    -12.556662352201144    (-12.564599849949156-0.0011452406993041513j)
-12.512483296399608    -12.589370599126568    -12.556662352271573    (-12.552857370146457-0.002890306874544075j)
-12.512483296399608    -12.589370599127479    -12.556662352918293    (-12.564362882668938-0.0011422750865813659j)
-12.512483296399608    -12.589370599128427    -12.556662352195563    (-12.562306313387442+0.0033456160458277986j)
-12.512483296399608    -12.58937059912666    -12.556662352334241    (-12.554497796456259-0.003336843513023286j)
-12.512483296399608    -12.589370599127058    -12.556662352244748    (-12.56175650382113-0.0007224818313039327j)
-12.512483296399608    -12.589370599127747    -12.556662352241187    (-12.554947728269516+0.004185803939794978j)
-12.512483296399608    -12.589370599123981    -12.556662352243707    (-12.555221479866907-0.0029837483141138886j)
-12.512483296399608    -12.58937059912417    -12.556662352244748    (-12.558597009434868-0.0006022756035538832j)
-12.512483296399608    -12.589370599122676    -12.556662352183686    (-12.578423936342109-0.004024703575727737j)
-12.512483296399608    -12.589370599130508    -12.556662352243624    (-12.562210319918668+0.001409313482729146j)
-12.512483296399608    -12.58937059912894    -12.55666235224365    (-12.562784869253205+0.0037460039404212894j)
-12.512483296399608    -12.589370599129369    -12.556662352251442    (-12.54043745490761+5.6686381028677975e-05j)
-12.512483296399608    -12.589370599128012    -12.556662352191843    (-12.558490317935892-0.0001845260389704788j)
-12.512483296399608    -12.589370599127733    -12.556662352245649    (-12.547257987893987+0.001907037383694142j)
-12.512483296399608    -12.589370599126404    -12.556662352351987    (-12.543404033113898+0.0008666046226424532j)
-12.512483296399608    -12.589370599127761    -12.556662352190427    (-12.562266492768888-0.002366616035545274j)
-12.512483296399608    -12.589370599127063    -12.556662352133548    (-12.56432207603758+7.925932824492763e-05j)
-12.512483296399608    -12.589370599125733    -12.556662352201242    (-12.583177399872232+0.0015183556337531677j)
-12.512483296399608    -12.589370599124814    -12.556662352241663    (-12.574992874594322+0.001364058660472982j)
-12.512483296399608    -12.589370599128713    -12.556662352212665    (-12.584949259901036+0.0019355875808089293j)
-12.512483296399608    -12.589370599126248    -12.556662352141112    (-12.568406857851206-0.0006668840155571368j)
-12.512483296399608    -12.589370599124814    -12.556662352231566    (-12.558993904189599+0.0009537438427180162j)
-12.512483296399608    -12.58937059912494    -12.55666235222121    (-12.542852503146802-0.0005030786860277366j)
-12.512483296399608    -12.589370599126424    -12.556662352242425    (-12.55806346661594-0.0032612096554545016j)
-12.512483296399608    -12.58937059912324    -12.556662352243269    (-12.561346614456328-0.001067733176516627j)
-12.512483296399608    -12.589370599126362    -12.556662352240057    (-12.563415331012779-0.0014201044059169946j)
-12.512483296399608    -12.589370599126875    -12.556662352253532    (-12.564566007952644+0.00396745825363605j)
-12.512483296399608    -12.589370599125518    -12.556662352238684    (-12.55850383790329+0.0017281654160167161j)
