HF    FCI_atom    FCI_emb    VQE_emb
-12.328981681620695    -12.426340143056716    -12.38690054238827    (-12.389682889489592+0.0006156184423657727j)
-12.328981681620695    -12.426340143060182    -12.38690054237032    (-12.38999481743099-2.6713150320497657e-05j)
-12.328981681620695    -12.426340143044358    -12.386900542234864    (-12.383630030751993+0.0023367432147419105j)
-12.328981681620695    -12.426340143051144    -12.38690054253587    (-12.39115989848369+0.001145588395960318j)
-12.328981681620695    -12.426340138894389    -12.38690054242848    (-12.39378674034966-0.0027376657864040927j)
-12.328981681620695    -12.426340143023566    -12.386900542429432    (-12.393522110801392+0.0004926335773079114j)
-12.328981681620695    -12.426340143058425    -12.386900542318463    (-12.38174565607253+0.0008533389900870006j)
-12.328981681620695    -12.426340138886456    -12.38690054144688    (-12.378263707646134+0.003195350053086715j)
-12.328981681620695    -12.426340143050941    -12.386900542366723    (-12.377081133197246+0.003758368632812347j)
-12.328981681620695    -12.426340143052848    -12.38690054233264    (-12.379763290679612+0.0008359639277610094j)
-12.328981681620695    -12.426340143046252    -12.386900542331967    (-12.397665053894922+0.007167485605507448j)
-12.328981681620695    -12.426340143045326    -12.386900542337376    (-12.401275928699844+0.0016874368618731124j)
-12.328981681620695    -12.426340143029872    -12.386900542338534    (-12.394763444509996-0.002718513097938067j)
-12.328981681620695    -12.42634014305767    -12.386900542340719    (-12.382173781072208+0.0029925459546359624j)
-12.328981681620695    -12.42634014304664    -12.386900542335606    (-12.392202453338593+0.0021140214734835304j)
-12.328981681620695    -12.426340138890685    -12.386900542549835    (-12.388206934907835-0.00011544265911750969j)
-12.328981681620695    -12.426340143044508    -12.386900542334597    (-12.385919635964523-0.0008844720409530286j)
-12.328981681620695    -12.426340143046763    -12.386900542332555    (-12.386952255281864-0.0014995277975860535j)
-12.328981681620695    -12.426340143040012    -12.386900542043216    (-12.376163874203057+0.003930800710428108j)
-12.328981681620695    -12.426340143044305    -12.38690054238309    (-12.3887143717244-9.615561353136213e-05j)
-12.328981681620695    -12.4263401388784    -12.386900542395173    (-12.388627877743723+0.00020494003992689182j)
-12.328981681620695    -12.426340143064001    -12.386900542416504    (-12.384372391528547-0.0037980360724838994j)
-12.328981681620695    -12.426340143071853    -12.386900542360765    (-12.407682900095253-0.0002259918769007504j)
-12.328981681620695    -12.426340143068527    -12.386900542528348    (-12.377956395655119+0.0015637197168111858j)
-12.328981681620695    -12.426340143060797    -12.386900542263566    (-12.37367605845888-0.0012040186637837453j)
-12.328981681620695    -12.426340143057116    -12.386900542326321    (-12.394790164415467-0.002262269531133777j)
-12.328981681620695    -12.426340143061784    -12.3869005423438    (-12.37316785445522-0.0033168802059140036j)
-12.328981681620695    -12.426340138862995    -12.38690054207401    (-12.372053386413842+0.003606167971771078j)
-12.328981681620695    -12.426340138880095    -12.386900542494322    (-12.386321475970524-0.0015625031463401336j)
-12.328981681620695    -12.426340143058631    -12.386900542394473    (-12.379377995832174+0.0006355883934319705j)
-12.328981681620695    -12.426340143066234    -12.38690054220708    (-12.38265930785358-0.0013569084807657978j)
-12.328981681620695    -12.426340143017928    -12.386900542332874    (-12.381655217230271+0.0005035145745628665j)
-12.328981681620695    -12.426340143027756    -12.386900542375406    (-12.400195642788603+0.0035705725064785012j)
-12.328981681620695    -12.426340143041443    -12.386900542346101    (-12.400744364426815+0.0012225264018317571j)
-12.328981681620695    -12.426340143045598    -12.386900541341813    (-12.400084158201079+0.0015334244739527826j)
-12.328981681620695    -12.426340143054167    -12.386900542247718    (-12.395201400562652+0.0016656790955753699j)
-12.328981681620695    -12.426340143065525    -12.386900542337518    (-12.382181964852764+0.0011009596452033856j)
-12.328981681620695    -12.426340138881018    -12.386900542409657    (-12.389502651081376+0.0019524844633309895j)
-12.328981681620695    -12.426340143036912    -12.386900543543549    (-12.37293744050042-0.0023739185518099324j)
-12.328981681620695    -12.426340143052805    -12.386900542333835    (-12.395461653654587-0.0002976713438603009j)
-12.328981681620695    -12.426340143044996    -12.386900542178    (-12.379581987276534+0.0022470629526477708j)
-12.328981681620695    -12.426340143051263    -12.38690054232944    (-12.390025522697965+0.00020492706567240681j)
-12.328981681620695    -12.42634014304402    -12.386900542334226    (-12.404312715361392-0.0006429568479374523j)
-12.328981681620695    -12.426340143038312    -12.386900542377703    (-12.390617849258879-0.004094309711051933j)
-12.328981681620695    -12.42634014304421    -12.386900542160244    (-12.392368498154564+0.0008749825548963657j)
-12.328981681620695    -12.426340143057459    -12.386900542437688    (-12.393113100585078-0.0010876858916254349j)
-12.328981681620695    -12.426340138902338    -12.386900542339005    (-12.395838305185563+0.0005446997088901732j)
-12.328981681620695    -12.426340143055198    -12.386900542329155    (-12.41166943311204-0.002568980979203533j)
-12.328981681620695    -12.426340143045351    -12.38690054231558    (-12.39233696403132+0.004009617507672441j)
-12.328981681620695    -12.426340143051    -12.386900542463382    (-12.396687030535192+0.004055393715172966j)
-12.328981681620695    -12.42634014305022    -12.386900542259472    (-12.39339741063974+0.0006075250581678071j)
-12.328981681620695    -12.426340138890385    -12.386900542406643    (-12.389081060528557-0.0014558039566393312j)
-12.328981681620695    -12.426340143034919    -12.386900542553105    (-12.401124052678792-0.0017512759197681172j)
-12.328981681620695    -12.426340143038875    -12.386900542334715    (-12.40407196944676+0.0023855194921403745j)
-12.328981681620695    -12.426340138902946    -12.386900542339257    (-12.36595490264423+0.003860376277432944j)
-12.328981681620695    -12.426340143019155    -12.386900541227666    (-12.382243520890826+0.0009269564559255658j)
-12.328981681620695    -12.426340143059686    -12.38690054245655    (-12.39784597190973+0.0005963511511470462j)
-12.328981681620695    -12.426340143038743    -12.386900542365135    (-12.412540137977347-0.0003829682695924027j)
-12.328981681620695    -12.426340143022289    -12.386900542465122    (-12.385869663791448-8.654190196892422e-05j)
-12.328981681620695    -12.426340143035244    -12.386900542330894    (-12.392441618445512-0.002638290847214246j)
-12.328981681620695    -12.42634013889976    -12.38690054233531    (-12.383003545569075-0.0031454570465382307j)
-12.328981681620695    -12.426340138896318    -12.38690054236437    (-12.39181322608711+0.004447973806072852j)
-12.328981681620695    -12.426340143075493    -12.38690054186467    (-12.383001341808077-0.003926873597942943j)
-12.328981681620695    -12.426340143029629    -12.386900542426584    (-12.385730031182277+0.005103633471979852j)
-12.328981681620695    -12.426340143067895    -12.386900542382012    (-12.37276272326021+0.0009465709122233352j)
-12.328981681620695    -12.426340138891728    -12.386900542297683    (-12.400876550553262-0.00036315542660781314j)
-12.328981681620695    -12.426340143072974    -12.386900542506984    (-12.390245824964895-0.0004695534473583224j)
-12.328981681620695    -12.426340143043587    -12.386900542280111    (-12.37987638131004+0.0009187532710901611j)
-12.328981681620695    -12.426340138874192    -12.386900542328858    (-12.382395431946758+0.002800550579383029j)
-12.328981681620695    -12.42634014303558    -12.386900542352251    (-12.388454125661001-0.004293485212547763j)
-12.328981681620695    -12.426340138875107    -12.386900542340744    (-12.390635153727434-0.00257204745834033j)
-12.328981681620695    -12.426340143038216    -12.386900542338282    (-12.385810299762795-0.007366931017351167j)
-12.328981681620695    -12.426340138875101    -12.386900541833818    (-12.38391532650178-0.00568817054215517j)
-12.328981681620695    -12.426340138888223    -12.386900542396086    (-12.393050916109955+0.006228605339923324j)
-12.328981681620695    -12.426340143033018    -12.386900542336035    (-12.388316260826112+0.004821915649154919j)
-12.328981681620695    -12.426340138894519    -12.38690054240041    (-12.391151627730352-0.003973970774309201j)
-12.328981681620695    -12.426340143050494    -12.386900542335402    (-12.392378206401169+0.00236086930054936j)
-12.328981681620695    -12.42634014305385    -12.386900542537589    (-12.397244188439062-0.0020685881031908345j)
-12.328981681620695    -12.426340138892556    -12.38690054231435    (-12.388716835698785-0.0029069091439012946j)
-12.328981681620695    -12.426340143049135    -12.386900542226002    (-12.39395908572649-0.001616608227302411j)
-12.328981681620695    -12.426340138886038    -12.386900542718788    (-12.375931883155754-0.0016217027728090605j)
-12.328981681620695    -12.426340143028947    -12.386900542336107    (-12.389684853705532+0.0034041127948461446j)
