c0    e_fci    e_hf    ansatz_energy    HF+CS    HF+meas_diag    pauli_all    pauli_qbw    CCSD
-0.27944815159894587    -4.701263063693803    -3.71614547498387    -4.701263063693803    (-4.832009877000685-0.35621367045693025j)    -4.111048152281112    -4.832974954278982    4.536737958169521    -4.862535609180819
-0.27944815159894587    -4.701263063693803    -3.71614547498387    -4.701263063693803    (-4.662893147412428-0.33430089793970735j)    -3.6802894460953963    -4.481383633107926    4.536737958169521    -4.862535609180819
-0.27944815159894587    -4.701263063693803    -3.71614547498387    -4.701263063693803    (-4.305752177764265+0.20404418602571436j)    -3.8852228524271695    -4.681939028639301    4.536737958169521    -4.862535609180819
-0.27944815159894587    -4.701263063693803    -3.71614547498387    -4.701263063693803    (-4.877936030197565+0.11019058103828556j)    -3.732391614371293    -4.851185068852854    4.536737958169521    -4.862535609180819
-0.27944815159894587    -4.701263063693803    -3.71614547498387    -4.701263063693803    (-4.378217498902697-0.2640170976614471j)    -4.2340407964352105    -4.851568681164926    4.536737958169521    -4.862535609180819
-0.27944815159894587    -4.701263063693803    -3.71614547498387    -4.701263063693803    (-4.649137473604741-0.01592126339287493j)    -3.79181958844786    -4.488973603228265    4.536737958169521    -4.862535609180819
-0.27944815159894587    -4.701263063693803    -3.71614547498387    -4.701263063693803    (-4.808897957592613-0.3892970781406707j)    -4.091391735982042    -4.154797150190127    4.536737958169521    -4.862535609180819
-0.27944815159894587    -4.701263063693803    -3.71614547498387    -4.701263063693803    (-4.737356873058355-0.2414560241218864j)    -4.134625621927502    -4.612389242841595    4.536737958169521    -4.862535609180819
-0.27944815159894587    -4.701263063693803    -3.71614547498387    -4.701263063693803    (-4.905472554051682+0.049193583040036556j)    -3.979474963037249    -4.518572776105025    4.536737958169521    -4.862535609180819
-0.27944815159894587    -4.701263063693803    -3.71614547498387    -4.701263063693803    (-4.426223065591381+0.1331796439640381j)    -4.05335522332143    -4.759057101821385    4.536737958169521    -4.862535609180819
-0.27944815159894587    -4.701263063693803    -3.71614547498387    -4.701263063693803    (-4.4182794470616225-0.3569222998450919j)    -3.9449946024560725    -4.681235890284621    4.536737958169521    -4.862535609180819
-0.27944815159894587    -4.701263063693803    -3.71614547498387    -4.701263063693803    (-4.284213407956163+0.3172108512450418j)    -3.9518006631631417    -5.1677929677630035    4.536737958169521    -4.862535609180819
-0.27944815159894587    -4.701263063693803    -3.71614547498387    -4.701263063693803    (-4.382675990131495+0.42375937019298876j)    -3.7475382746100605    -4.443309486400491    4.536737958169521    -4.862535609180819
-0.27944815159894587    -4.701263063693803    -3.71614547498387    -4.701263063693803    (-4.433929516379967+0.07918617370511193j)    -4.068856370077131    -4.789022303439918    4.536737958169521    -4.862535609180819
-0.27944815159894587    -4.701263063693803    -3.71614547498387    -4.701263063693803    (-4.746467976131211+0.4059926538623439j)    -4.086290149989868    -4.7478728118508755    4.536737958169521    -4.862535609180819
-0.27944815159894587    -4.701263063693803    -3.71614547498387    -4.701263063693803    (-4.307586243540808+0.1421014955811084j)    -3.923703609615313    -4.878844608419157    4.536737958169521    -4.862535609180819
-0.27944815159894587    -4.701263063693803    -3.71614547498387    -4.701263063693803    (-4.730157042164216-1.110637569922616j)    -3.829027450518127    -4.799131075306831    4.536737958169521    -4.862535609180819
-0.27944815159894587    -4.701263063693803    -3.71614547498387    -4.701263063693803    (-4.875247667557126-0.20615131119214433j)    -3.630891763798339    -4.237830530031565    4.536737958169521    -4.862535609180819
-0.27944815159894587    -4.701263063693803    -3.71614547498387    -4.701263063693803    (-4.838343865120437+0.07707216094893155j)    -3.8562389352298907    -4.357558033203262    4.536737958169521    -4.862535609180819
-0.27944815159894587    -4.701263063693803    -3.71614547498387    -4.701263063693803    (-4.46672278299017+0.3698921453356248j)    -3.9906819558632978    -4.600187887634055    4.536737958169521    -4.862535609180819
-0.27944815159894587    -4.701263063693803    -3.71614547498387    -4.701263063693803    (-4.378156088551252+0.5114652616116605j)    -3.9567537774720827    -4.685870157055408    4.536737958169521    -4.862535609180819
-0.27944815159894587    -4.701263063693803    -3.71614547498387    -4.701263063693803    (-4.633789443116225-0.22081589512827263j)    -4.065820219230514    -4.543754384155734    4.536737958169521    -4.862535609180819
-0.27944815159894587    -4.701263063693803    -3.71614547498387    -4.701263063693803    (-4.839964552764199-0.3228180012952736j)    -3.9641069097455968    -4.739624826597348    4.536737958169521    -4.862535609180819
-0.27944815159894587    -4.701263063693803    -3.71614547498387    -4.701263063693803    (-4.459857556261056+0.00513976327188968j)    -4.159657113494817    -5.332552332829429    4.536737958169521    -4.862535609180819
-0.27944815159894587    -4.701263063693803    -3.71614547498387    -4.701263063693803    (-5.1022449448834415-0.23628569471047223j)    -4.055025827119145    -4.171570543614045    4.536737958169521    -4.862535609180819
-0.27944815159894587    -4.701263063693803    -3.71614547498387    -4.701263063693803    (-4.530494295094413-0.7812824706238327j)    -3.959777639033094    -4.9701599499401405    4.536737958169521    -4.862535609180819
-0.27944815159894587    -4.701263063693803    -3.71614547498387    -4.701263063693803    (-4.239782218796323-0.04862873753533944j)    -4.02813763770471    -4.595077001612971    4.536737958169521    -4.862535609180819
-0.27944815159894587    -4.701263063693803    -3.71614547498387    -4.701263063693803    (-4.791413078890884+0.3181269402497335j)    -3.424224220622621    -4.816326022302016    4.536737958169521    -4.862535609180819
-0.27944815159894587    -4.701263063693803    -3.71614547498387    -4.701263063693803    (-4.649337851362209+0.18981891900290887j)    -4.246147408158569    -4.687842142957169    4.536737958169521    -4.862535609180819
-0.27944815159894587    -4.701263063693803    -3.71614547498387    -4.701263063693803    (-4.113568095583754+0.5677477227614951j)    -4.259347927431236    -5.047890872080967    4.536737958169521    -4.862535609180819
-0.27944815159894587    -4.701263063693803    -3.71614547498387    -4.701263063693803    (-4.655751132689435-0.06989573251241807j)    -3.787496289997794    -4.6672922622818644    4.536737958169521    -4.862535609180819
-0.27944815159894587    -4.701263063693803    -3.71614547498387    -4.701263063693803    (-4.612430828486349-0.22649557156940608j)    -3.9872588642412383    -4.901552519062568    4.536737958169521    -4.862535609180819
-0.27944815159894587    -4.701263063693803    -3.71614547498387    -4.701263063693803    (-4.894826867545902+0.2886427430164166j)    -4.0775955537319515    -4.4534277543118606    4.536737958169521    -4.862535609180819
-0.27944815159894587    -4.701263063693803    -3.71614547498387    -4.701263063693803    (-4.5217882412722075-0.47064060022442167j)    -3.882829593794215    -4.63175564921671    4.536737958169521    -4.862535609180819
-0.27944815159894587    -4.701263063693803    -3.71614547498387    -4.701263063693803    (-4.596966422221041-0.17833804791284646j)    -3.9265178995658383    -4.759521809415447    4.536737958169521    -4.862535609180819
-0.27944815159894587    -4.701263063693803    -3.71614547498387    -4.701263063693803    (-4.866297422986391+0.46557398954336515j)    -4.175167297368601    -4.518868057940527    4.536737958169521    -4.862535609180819
-0.27944815159894587    -4.701263063693803    -3.71614547498387    -4.701263063693803    (-4.41084965982826+0.30446358239270815j)    -3.8984979497475707    -4.805334846637556    4.536737958169521    -4.862535609180819
-0.27944815159894587    -4.701263063693803    -3.71614547498387    -4.701263063693803    (-4.395469368184213+0.5423376699171145j)    -3.9081238053008254    -4.860515975306589    4.536737958169521    -4.862535609180819
-0.27944815159894587    -4.701263063693803    -3.71614547498387    -4.701263063693803    (-4.6735307175786165-0.12346392621060322j)    -3.8831441124294206    -4.794591473240407    4.536737958169521    -4.862535609180819
-0.27944815159894587    -4.701263063693803    -3.71614547498387    -4.701263063693803    (-4.903030269384953-0.6985380410747646j)    -3.8614038960169874    -4.46386326525011    4.536737958169521    -4.862535609180819
-0.27944815159894587    -4.701263063693803    -3.71614547498387    -4.701263063693803    (-4.806547065929964-0.014208787327585076j)    -4.020072374095155    -4.188941260927363    4.536737958169521    -4.862535609180819
-0.27944815159894587    -4.701263063693803    -3.71614547498387    -4.701263063693803    (-4.217867968965586+0.02744218536789854j)    -4.047051595357597    -5.2010099161179735    4.536737958169521    -4.862535609180819
-0.27944815159894587    -4.701263063693803    -3.71614547498387    -4.701263063693803    (-4.812485662197953-0.308055560666037j)    -4.00271196827021    -4.841400762901121    4.536737958169521    -4.862535609180819
-0.27944815159894587    -4.701263063693803    -3.71614547498387    -4.701263063693803    (-4.4216481664469605-0.01833452075401157j)    -3.862032077410162    -4.7116000777811164    4.536737958169521    -4.862535609180819
-0.27944815159894587    -4.701263063693803    -3.71614547498387    -4.701263063693803    (-4.829118558492986-0.5547324951078854j)    -3.785942620468029    -4.768674303142745    4.536737958169521    -4.862535609180819
-0.27944815159894587    -4.701263063693803    -3.71614547498387    -4.701263063693803    (-4.3713220849765415+0.21154796056217726j)    -3.9844546018908495    -4.45106663862682    4.536737958169521    -4.862535609180819
-0.27944815159894587    -4.701263063693803    -3.71614547498387    -4.701263063693803    (-4.667789759054031-0.34090151464649654j)    -3.88253889047297    -4.6046922148353175    4.536737958169521    -4.862535609180819
-0.27944815159894587    -4.701263063693803    -3.71614547498387    -4.701263063693803    (-4.432713916192463-0.08998061805173131j)    -3.8684001907049366    -4.535312808136297    4.536737958169521    -4.862535609180819
-0.27944815159894587    -4.701263063693803    -3.71614547498387    -4.701263063693803    (-4.537802462321793+0.1271286812563733j)    -3.878563609257651    -4.896242664319234    4.536737958169521    -4.862535609180819
-0.27944815159894587    -4.701263063693803    -3.71614547498387    -4.701263063693803    (-4.512344581980625-0.03318864081608135j)    -3.7734060325355685    -4.8410213721127064    4.536737958169521    -4.862535609180819
-0.27944815159894587    -4.701263063693803    -3.71614547498387    -4.701263063693803    (-4.742803727921752+0.0001918928028758965j)    -4.349818646340705    -4.949919309218456    4.536737958169521    -4.862535609180819
-0.27944815159894587    -4.701263063693803    -3.71614547498387    -4.701263063693803    (-4.472534308307959-0.1693984849845475j)    -3.770338071226726    -4.684727560498009    4.536737958169521    -4.862535609180819
-0.27944815159894587    -4.701263063693803    -3.71614547498387    -4.701263063693803    (-4.269360510675106-0.2142842694345629j)    -3.8109432704997803    -5.139207329450332    4.536737958169521    -4.862535609180819
-0.27944815159894587    -4.701263063693803    -3.71614547498387    -4.701263063693803    (-5.090860977492431-0.07594378618261546j)    -3.960363529208224    -5.035990443468517    4.536737958169521    -4.862535609180819
-0.27944815159894587    -4.701263063693803    -3.71614547498387    -4.701263063693803    (-4.5848583066502675+0.06908512297420756j)    -3.8084397280362734    -4.759614390087251    4.536737958169521    -4.862535609180819
-0.27944815159894587    -4.701263063693803    -3.71614547498387    -4.701263063693803    (-5.113680975843832-0.1263480145546443j)    -3.9276913961331044    -4.759580897252158    4.536737958169521    -4.862535609180819
-0.27944815159894587    -4.701263063693803    -3.71614547498387    -4.701263063693803    (-5.439660166529078+0.27378368624175664j)    -4.210374818615332    -4.766593417182976    4.536737958169521    -4.862535609180819
-0.27944815159894587    -4.701263063693803    -3.71614547498387    -4.701263063693803    (-4.62628714780158-0.06523531623073639j)    -4.006725051682617    -4.83081187389019    4.536737958169521    -4.862535609180819
-0.27944815159894587    -4.701263063693803    -3.71614547498387    -4.701263063693803    (-4.554132106162331+0.0408882808187461j)    -3.913190403815523    -3.9752947309360454    4.536737958169521    -4.862535609180819
-0.27944815159894587    -4.701263063693803    -3.71614547498387    -4.701263063693803    (-5.08083753954479+0.42685023006836154j)    -3.937999587703041    -5.264931507088925    4.536737958169521    -4.862535609180819
-0.27944815159894587    -4.701263063693803    -3.71614547498387    -4.701263063693803    (-4.365892077044149-0.1960272624230326j)    -3.8947727192149    -4.97279904280366    4.536737958169521    -4.862535609180819
-0.27944815159894587    -4.701263063693803    -3.71614547498387    -4.701263063693803    (-4.314532130323133+0.43034099661909475j)    -3.9240354102161237    -4.924297208808881    4.536737958169521    -4.862535609180819
-0.27944815159894587    -4.701263063693803    -3.71614547498387    -4.701263063693803    (-4.636397953054752-0.1652868336148445j)    -3.7447046145369636    -4.791034140658894    4.536737958169521    -4.862535609180819
-0.27944815159894587    -4.701263063693803    -3.71614547498387    -4.701263063693803    (-4.290585472562302+0.22080747096406386j)    -3.925231361285088    -4.858778886002315    4.536737958169521    -4.862535609180819
-0.27944815159894587    -4.701263063693803    -3.71614547498387    -4.701263063693803    (-4.426468985695864-0.08285959524464889j)    -3.9991119044071914    -4.925218392989638    4.536737958169521    -4.862535609180819
-0.27944815159894587    -4.701263063693803    -3.71614547498387    -4.701263063693803    (-4.653468627180043-0.44989218102715617j)    -3.7909323615643804    -4.489880794723784    4.536737958169521    -4.862535609180819
-0.27944815159894587    -4.701263063693803    -3.71614547498387    -4.701263063693803    (-4.707334479783861-0.23619378938979332j)    -3.952781873755049    -4.5544687927546725    4.536737958169521    -4.862535609180819
-0.27944815159894587    -4.701263063693803    -3.71614547498387    -4.701263063693803    (-4.635250638776451+0.07015882580911319j)    -4.1288304124430315    -4.668433576506695    4.536737958169521    -4.862535609180819
-0.27944815159894587    -4.701263063693803    -3.71614547498387    -4.701263063693803    (-4.360728395341963-0.7121087507841671j)    -3.990917280390655    -4.513616623730874    4.536737958169521    -4.862535609180819
-0.27944815159894587    -4.701263063693803    -3.71614547498387    -4.701263063693803    (-4.459645797846716+0.008385007897703852j)    -3.8795955387003143    -4.719082883099717    4.536737958169521    -4.862535609180819
-0.27944815159894587    -4.701263063693803    -3.71614547498387    -4.701263063693803    (-4.435487367422478+0.09660019617058163j)    -3.8541198925889217    -4.5277860166048844    4.536737958169521    -4.862535609180819
-0.27944815159894587    -4.701263063693803    -3.71614547498387    -4.701263063693803    (-4.450297006605805-0.02394673632567732j)    -3.806690533575132    -4.64554571584763    4.536737958169521    -4.862535609180819
-0.27944815159894587    -4.701263063693803    -3.71614547498387    -4.701263063693803    (-4.7869554338809825+0.07984155873613696j)    -4.040128517406253    -5.177740060656559    4.536737958169521    -4.862535609180819
-0.27944815159894587    -4.701263063693803    -3.71614547498387    -4.701263063693803    (-4.576472050194348-0.005289704549361112j)    -3.90414014700122    -4.406279205249792    4.536737958169521    -4.862535609180819
-0.27944815159894587    -4.701263063693803    -3.71614547498387    -4.701263063693803    (-4.645551007594253-0.7455642762077306j)    -3.8684395575814015    -4.597218630344283    4.536737958169521    -4.862535609180819
-0.27944815159894587    -4.701263063693803    -3.71614547498387    -4.701263063693803    (-4.381845316706745-0.0460618427769243j)    -4.068199788133109    -4.572558982200233    4.536737958169521    -4.862535609180819
-0.27944815159894587    -4.701263063693803    -3.71614547498387    -4.701263063693803    (-4.481870524423155-0.6887555601406313j)    -4.317799059901679    -4.912648367785063    4.536737958169521    -4.862535609180819
-0.27944815159894587    -4.701263063693803    -3.71614547498387    -4.701263063693803    (-4.466042356574315+0.09600090953561516j)    -3.6793405618526065    -4.57721555054914    4.536737958169521    -4.862535609180819
-0.27944815159894587    -4.701263063693803    -3.71614547498387    -4.701263063693803    (-4.608850707721055+0.42639860347726455j)    -3.9738396641933766    -4.896698161899295    4.536737958169521    -4.862535609180819
-0.27944815159894587    -4.701263063693803    -3.71614547498387    -4.701263063693803    (-4.82585401054409-0.26904960071273554j)    -4.065347419378841    -4.71208026659118    4.536737958169521    -4.862535609180819
-0.27944815159894587    -4.701263063693803    -3.71614547498387    -4.701263063693803    (-4.395411973995105-0.31196144514593177j)    -4.0455932154874    -5.003972519524286    4.536737958169521    -4.862535609180819
-0.27944815159894587    -4.701263063693803    -3.71614547498387    -4.701263063693803    (-4.652624308617556+0.029821303400570057j)    -3.9389779864090477    -4.6594743568449495    4.536737958169521    -4.862535609180819
-0.27944815159894587    -4.701263063693803    -3.71614547498387    -4.701263063693803    (-5.113527851351847+0.205530680380235j)    -4.186342892912976    -4.67111247639033    4.536737958169521    -4.862535609180819
-0.27944815159894587    -4.701263063693803    -3.71614547498387    -4.701263063693803    (-4.5226956103467515-0.0542122728937172j)    -4.094507174052123    -5.0471271067275305    4.536737958169521    -4.862535609180819
-0.27944815159894587    -4.701263063693803    -3.71614547498387    -4.701263063693803    (-4.774191113280342-0.00235089117198145j)    -3.691838512242429    -4.392558311866186    4.536737958169521    -4.862535609180819
-0.27944815159894587    -4.701263063693803    -3.71614547498387    -4.701263063693803    (-4.322654282447052-0.04970337933354259j)    -4.051321687477218    -4.771869078663086    4.536737958169521    -4.862535609180819
-0.27944815159894587    -4.701263063693803    -3.71614547498387    -4.701263063693803    (-4.6933735140597355+0.48818339135562455j)    -4.137527205424811    -4.688036397371425    4.536737958169521    -4.862535609180819
-0.27944815159894587    -4.701263063693803    -3.71614547498387    -4.701263063693803    (-4.777507468388407+0.7850270645151765j)    -3.9502608249440274    -4.818006951930801    4.536737958169521    -4.862535609180819
-0.27944815159894587    -4.701263063693803    -3.71614547498387    -4.701263063693803    (-4.766398164941126-0.8201588406820638j)    -3.884033365436136    -5.0924758975421875    4.536737958169521    -4.862535609180819
-0.27944815159894587    -4.701263063693803    -3.71614547498387    -4.701263063693803    (-4.429336640720332+0.8965294662881141j)    -4.133017133719556    -5.091747122774199    4.536737958169521    -4.862535609180819
-0.27944815159894587    -4.701263063693803    -3.71614547498387    -4.701263063693803    (-4.689260371032087-0.13604731136223344j)    -3.785233284593507    -5.075297732812295    4.536737958169521    -4.862535609180819
-0.27944815159894587    -4.701263063693803    -3.71614547498387    -4.701263063693803    (-4.3405031777716045-0.053808344037585366j)    -3.9721009421150986    -5.111508566707797    4.536737958169521    -4.862535609180819
-0.27944815159894587    -4.701263063693803    -3.71614547498387    -4.701263063693803    (-4.650520181313686-0.20099462815811875j)    -3.975570057786049    -5.012787368334895    4.536737958169521    -4.862535609180819
-0.27944815159894587    -4.701263063693803    -3.71614547498387    -4.701263063693803    (-4.753757836916634-0.5340420400452698j)    -3.7574157288234766    -4.589939619197558    4.536737958169521    -4.862535609180819
-0.27944815159894587    -4.701263063693803    -3.71614547498387    -4.701263063693803    (-4.225155018954327-0.01807892886377972j)    -3.856180332342154    -4.887052285920719    4.536737958169521    -4.862535609180819
-0.27944815159894587    -4.701263063693803    -3.71614547498387    -4.701263063693803    (-4.626953988897165+0.04802726032204646j)    -3.953139985292686    -4.809212807971856    4.536737958169521    -4.862535609180819
-0.27944815159894587    -4.701263063693803    -3.71614547498387    -4.701263063693803    (-4.8828809919136855-0.1285794501849422j)    -3.772942745696306    -4.58794800815275    4.536737958169521    -4.862535609180819
-0.27944815159894587    -4.701263063693803    -3.71614547498387    -4.701263063693803    (-4.300880463391874-0.2820575302806667j)    -3.7887966151402703    -4.722678625046714    4.536737958169521    -4.862535609180819
-0.27944815159894587    -4.701263063693803    -3.71614547498387    -4.701263063693803    (-4.4900662994216445+0.09517248016343104j)    -3.759303546241367    -4.821008141947754    4.536737958169521    -4.862535609180819
-0.27944815159894587    -4.701263063693803    -3.71614547498387    -4.701263063693803    (-4.531909131620408+0.32336007835739117j)    -3.9392725899365164    -4.01724114956119    4.536737958169521    -4.862535609180819
-0.27944815159894587    -4.701263063693803    -3.71614547498387    -4.701263063693803    (-4.441849894811726-0.03190678121725548j)    -3.9980451921519986    -4.6953308131003055    4.536737958169521    -4.862535609180819
-0.27944815159894587    -4.701263063693803    -3.71614547498387    -4.701263063693803    (-4.8637587915872675-0.34652901580262474j)    -3.967728543382248    -4.918095458791951    4.536737958169521    -4.862535609180819
-0.27944815159894587    -4.701263063693803    -3.71614547498387    -4.701263063693803    (-4.989436375492774-0.08771941783621445j)    -3.8630933092421516    -5.037727683291688    4.536737958169521    -4.862535609180819
-0.27944815159894587    -4.701263063693803    -3.71614547498387    -4.701263063693803    (-4.531473040462652+0.16906253922487066j)    -4.065704432684532    -4.612298109084948    4.536737958169521    -4.862535609180819
-0.27944815159894587    -4.701263063693803    -3.71614547498387    -4.701263063693803    (-4.749857903900507+0.029025231523388668j)    -4.074019356119563    -5.027923015253509    4.536737958169521    -4.862535609180819
-0.27944815159894587    -4.701263063693803    -3.71614547498387    -4.701263063693803    (-4.4715644718836565-0.5914762579532212j)    -3.9197800006310826    -4.662631891585232    4.536737958169521    -4.862535609180819
-0.27944815159894587    -4.701263063693803    -3.71614547498387    -4.701263063693803    (-4.42243113976687-0.06504222502835176j)    -3.9612835404815745    -4.940607070193616    4.536737958169521    -4.862535609180819
-0.27944815159894587    -4.701263063693803    -3.71614547498387    -4.701263063693803    (-4.596350737643566+0.17346237309793752j)    -3.8992433141260667    -4.519670249227474    4.536737958169521    -4.862535609180819
-0.27944815159894587    -4.701263063693803    -3.71614547498387    -4.701263063693803    (-4.396132863419725-0.23525500014808298j)    -4.014740992639146    -4.757364121953576    4.536737958169521    -4.862535609180819
-0.27944815159894587    -4.701263063693803    -3.71614547498387    -4.701263063693803    (-4.563862605822809+0.12114065519276358j)    -3.8052596645132333    -4.730213355521802    4.536737958169521    -4.862535609180819
-0.27944815159894587    -4.701263063693803    -3.71614547498387    -4.701263063693803    (-4.769456748524169+0.5698260391969047j)    -4.175310493109843    -4.58813161082495    4.536737958169521    -4.862535609180819
-0.27944815159894587    -4.701263063693803    -3.71614547498387    -4.701263063693803    (-4.518233234001839-0.15783201794463173j)    -4.0755729678285695    -5.004225819287162    4.536737958169521    -4.862535609180819
-0.27944815159894587    -4.701263063693803    -3.71614547498387    -4.701263063693803    (-4.490336860851277+0.11090991263645364j)    -3.94242450058402    -4.778506762874592    4.536737958169521    -4.862535609180819
-0.27944815159894587    -4.701263063693803    -3.71614547498387    -4.701263063693803    (-4.83877060284075+0.35482693834224666j)    -3.7481253906793683    -5.017977698599781    4.536737958169521    -4.862535609180819
-0.27944815159894587    -4.701263063693803    -3.71614547498387    -4.701263063693803    (-4.344703071267142+0.19100817534515163j)    -3.8564205693358597    -4.610960694048449    4.536737958169521    -4.862535609180819
-0.27944815159894587    -4.701263063693803    -3.71614547498387    -4.701263063693803    (-5.182159015664126-0.41118457187860136j)    -3.8154273875351317    -4.069661605289528    4.536737958169521    -4.862535609180819
-0.27944815159894587    -4.701263063693803    -3.71614547498387    -4.701263063693803    (-4.8776082928165785+0.2799514522399055j)    -4.129060953414493    -4.750710697500932    4.536737958169521    -4.862535609180819
-0.27944815159894587    -4.701263063693803    -3.71614547498387    -4.701263063693803    (-4.642768820615351+0.4305739697300617j)    -3.825551598252544    -4.612432858339656    4.536737958169521    -4.862535609180819
-0.27944815159894587    -4.701263063693803    -3.71614547498387    -4.701263063693803    (-4.461574972705035-0.22064620762700543j)    -3.865295523734339    -4.573935068253485    4.536737958169521    -4.862535609180819
-0.27944815159894587    -4.701263063693803    -3.71614547498387    -4.701263063693803    (-4.648860472330237+0.07468832082399068j)    -3.9050264619815307    -4.882240251245328    4.536737958169521    -4.862535609180819
-0.27944815159894587    -4.701263063693803    -3.71614547498387    -4.701263063693803    (-4.506211548121992-0.30266201038932444j)    -4.128582240255217    -4.6365532362614506    4.536737958169521    -4.862535609180819
-0.27944815159894587    -4.701263063693803    -3.71614547498387    -4.701263063693803    (-4.337347924993978+0.23169006608056028j)    -3.728491275880667    -4.574840973968366    4.536737958169521    -4.862535609180819
-0.27944815159894587    -4.701263063693803    -3.71614547498387    -4.701263063693803    (-4.5033249796915165-0.03941528450093462j)    -3.7280808466328614    -4.723994455210126    4.536737958169521    -4.862535609180819
-0.27944815159894587    -4.701263063693803    -3.71614547498387    -4.701263063693803    (-5.087169700232266-0.3922236782917897j)    -3.6327688587726628    -4.643070459241947    4.536737958169521    -4.862535609180819
-0.27944815159894587    -4.701263063693803    -3.71614547498387    -4.701263063693803    (-4.535915982836286+0.1467689258236456j)    -4.002539194039923    -4.495590537349392    4.536737958169521    -4.862535609180819
-0.27944815159894587    -4.701263063693803    -3.71614547498387    -4.701263063693803    (-4.571898437594991+0.17111732209586203j)    -4.042408463333275    -4.492062733680815    4.536737958169521    -4.862535609180819
-0.27944815159894587    -4.701263063693803    -3.71614547498387    -4.701263063693803    (-4.527659161036956+0.6657957300102733j)    -4.031393954564798    -4.344330967599819    4.536737958169521    -4.862535609180819
-0.27944815159894587    -4.701263063693803    -3.71614547498387    -4.701263063693803    (-4.946333236376212-0.14195977046536165j)    -3.7897442066306266    -5.0119110766349655    4.536737958169521    -4.862535609180819
-0.27944815159894587    -4.701263063693803    -3.71614547498387    -4.701263063693803    (-4.50545811413596-0.3115975389986464j)    -3.6892077470050375    -4.810171093391956    4.536737958169521    -4.862535609180819
-0.27944815159894587    -4.701263063693803    -3.71614547498387    -4.701263063693803    (-4.491345367461062-0.18108992255992412j)    -3.93850266545132    -4.813636016815921    4.536737958169521    -4.862535609180819
-0.27944815159894587    -4.701263063693803    -3.71614547498387    -4.701263063693803    (-4.672069148861907+0.5091853844201667j)    -3.751868115608545    -4.976496382161831    4.536737958169521    -4.862535609180819
-0.27944815159894587    -4.701263063693803    -3.71614547498387    -4.701263063693803    (-5.478629684435432-0.10421583312866345j)    -3.8579784166803313    -4.6743145584491    4.536737958169521    -4.862535609180819
-0.27944815159894587    -4.701263063693803    -3.71614547498387    -4.701263063693803    (-4.459392206509468-0.29859372214876717j)    -4.029551099946488    -4.5348019587416095    4.536737958169521    -4.862535609180819
-0.27944815159894587    -4.701263063693803    -3.71614547498387    -4.701263063693803    (-4.81763464046344-0.10091505524517276j)    -3.9846393965977023    -4.705729300124122    4.536737958169521    -4.862535609180819
-0.27944815159894587    -4.701263063693803    -3.71614547498387    -4.701263063693803    (-4.4976744219038425+0.11706937277831284j)    -3.576454244572186    -4.203149367790276    4.536737958169521    -4.862535609180819
-0.27944815159894587    -4.701263063693803    -3.71614547498387    -4.701263063693803    (-4.480342246253452+0.5696657196831952j)    -3.7482167239035085    -4.770604964197202    4.536737958169521    -4.862535609180819
-0.27944815159894587    -4.701263063693803    -3.71614547498387    -4.701263063693803    (-4.701027124074876+0.413371147589478j)    -4.09393051584444    -4.541597220882314    4.536737958169521    -4.862535609180819
-0.27944815159894587    -4.701263063693803    -3.71614547498387    -4.701263063693803    (-4.518166316312739+0.38455376646633543j)    -3.9775094499690233    -4.636738915042452    4.536737958169521    -4.862535609180819
-0.27944815159894587    -4.701263063693803    -3.71614547498387    -4.701263063693803    (-4.819661817456871-0.21235517669504803j)    -3.980150598619715    -4.352925552704661    4.536737958169521    -4.862535609180819
-0.27944815159894587    -4.701263063693803    -3.71614547498387    -4.701263063693803    (-4.886874047723966+0.04428250402181497j)    -3.846500971612284    -4.4500014901758655    4.536737958169521    -4.862535609180819
-0.27944815159894587    -4.701263063693803    -3.71614547498387    -4.701263063693803    (-4.743988344678627+0.21923226355256845j)    -3.7569447089445838    -4.831630280074507    4.536737958169521    -4.862535609180819
-0.27944815159894587    -4.701263063693803    -3.71614547498387    -4.701263063693803    (-4.596976848642316-0.2820630830337241j)    -3.9295341732955884    -4.4900466399367875    4.536737958169521    -4.862535609180819
-0.27944815159894587    -4.701263063693803    -3.71614547498387    -4.701263063693803    (-4.794541903606534-0.17126901292665866j)    -3.760007709899973    -4.929071016145388    4.536737958169521    -4.862535609180819
-0.27944815159894587    -4.701263063693803    -3.71614547498387    -4.701263063693803    (-4.601259935942614+0.49686213890804454j)    -4.025089263213176    -4.70957206153451    4.536737958169521    -4.862535609180819
-0.27944815159894587    -4.701263063693803    -3.71614547498387    -4.701263063693803    (-5.190788364244379-0.48247912049183656j)    -3.819966646803795    -4.438815694978962    4.536737958169521    -4.862535609180819
-0.27944815159894587    -4.701263063693803    -3.71614547498387    -4.701263063693803    (-4.486191206686487+0.556315281290773j)    -3.918598816910451    -4.456854201376502    4.536737958169521    -4.862535609180819
-0.27944815159894587    -4.701263063693803    -3.71614547498387    -4.701263063693803    (-5.091924424972769-0.5237143096699367j)    -3.876923607362084    -4.95454246143031    4.536737958169521    -4.862535609180819
-0.27944815159894587    -4.701263063693803    -3.71614547498387    -4.701263063693803    (-4.509815663314521-0.3625158026905482j)    -4.2802573476178285    -4.619552431367151    4.536737958169521    -4.862535609180819
-0.27944815159894587    -4.701263063693803    -3.71614547498387    -4.701263063693803    (-4.541205652559658+0.20197918284023683j)    -4.113137034677324    -4.6465341476161175    4.536737958169521    -4.862535609180819
-0.27944815159894587    -4.701263063693803    -3.71614547498387    -4.701263063693803    (-4.411883761285477+0.4348431852727333j)    -3.852351202995819    -4.754265692840285    4.536737958169521    -4.862535609180819
-0.27944815159894587    -4.701263063693803    -3.71614547498387    -4.701263063693803    (-4.78414437537703+0.48697456078828394j)    -3.8423582201595203    -4.36942544290491    4.536737958169521    -4.862535609180819
-0.27944815159894587    -4.701263063693803    -3.71614547498387    -4.701263063693803    (-4.4075966552486125+0.10756586795854511j)    -3.936102395998037    -4.383896519833997    4.536737958169521    -4.862535609180819
-0.27944815159894587    -4.701263063693803    -3.71614547498387    -4.701263063693803    (-4.960535799736576+0.4267122146973086j)    -3.868297988531261    -4.398235944298469    4.536737958169521    -4.862535609180819
-0.27944815159894587    -4.701263063693803    -3.71614547498387    -4.701263063693803    (-4.99084486002381+0.05623719619752854j)    -4.0607809786156945    -4.90266501539308    4.536737958169521    -4.862535609180819
-0.27944815159894587    -4.701263063693803    -3.71614547498387    -4.701263063693803    (-5.048346318101965+0.4364823126098456j)    -4.117027700044038    -4.643202854715427    4.536737958169521    -4.862535609180819
-0.27944815159894587    -4.701263063693803    -3.71614547498387    -4.701263063693803    (-4.949628261866287-0.17018549451171527j)    -4.033778095172633    -4.344772394738    4.536737958169521    -4.862535609180819
-0.27944815159894587    -4.701263063693803    -3.71614547498387    -4.701263063693803    (-4.656514673225006-0.3040262738691936j)    -3.9045103134408015    -4.415670809977051    4.536737958169521    -4.862535609180819
-0.27944815159894587    -4.701263063693803    -3.71614547498387    -4.701263063693803    (-4.878071156260033+0.22754935638343257j)    -3.917564044632491    -4.41837423255453    4.536737958169521    -4.862535609180819
-0.27944815159894587    -4.701263063693803    -3.71614547498387    -4.701263063693803    (-4.874925857160767-0.1438332950288645j)    -3.794920529827444    -5.088002679691244    4.536737958169521    -4.862535609180819
-0.27944815159894587    -4.701263063693803    -3.71614547498387    -4.701263063693803    (-4.430240607925278+0.30510117984891866j)    -3.9510524625453494    -4.9155335736990935    4.536737958169521    -4.862535609180819
-0.27944815159894587    -4.701263063693803    -3.71614547498387    -4.701263063693803    (-4.46631610743171-0.04709797743908232j)    -4.168660164804958    -4.717628831847971    4.536737958169521    -4.862535609180819
-0.27944815159894587    -4.701263063693803    -3.71614547498387    -4.701263063693803    (-4.56125101236987-0.025129590837038758j)    -4.040398314482932    -4.907402647513058    4.536737958169521    -4.862535609180819
-0.27944815159894587    -4.701263063693803    -3.71614547498387    -4.701263063693803    (-4.539905684589624-0.1999674196611005j)    -3.964197268607437    -4.720429771130006    4.536737958169521    -4.862535609180819
-0.27944815159894587    -4.701263063693803    -3.71614547498387    -4.701263063693803    (-4.553180206792739-0.27042857967202216j)    -4.020156371159771    -4.765066839588093    4.536737958169521    -4.862535609180819
-0.27944815159894587    -4.701263063693803    -3.71614547498387    -4.701263063693803    (-4.562004197682915-0.20089264796486028j)    -4.039112963196658    -4.832012825059968    4.536737958169521    -4.862535609180819
-0.27944815159894587    -4.701263063693803    -3.71614547498387    -4.701263063693803    (-4.462175210260725+0.325694464236509j)    -3.8992095538360414    -4.541563482340361    4.536737958169521    -4.862535609180819
-0.27944815159894587    -4.701263063693803    -3.71614547498387    -4.701263063693803    (-4.758856050820649-0.27362534818732176j)    -3.8938543257737157    -4.68213456996103    4.536737958169521    -4.862535609180819
-0.27944815159894587    -4.701263063693803    -3.71614547498387    -4.701263063693803    (-4.924634159880279-0.02627166459752253j)    -3.795198208146414    -4.170663852860548    4.536737958169521    -4.862535609180819
-0.27944815159894587    -4.701263063693803    -3.71614547498387    -4.701263063693803    (-4.583418308687882-0.2798006511375604j)    -3.663549555558471    -4.492160181289629    4.536737958169521    -4.862535609180819
-0.27944815159894587    -4.701263063693803    -3.71614547498387    -4.701263063693803    (-4.554626631244614-0.3540155913302716j)    -4.339531478280052    -4.235049489793963    4.536737958169521    -4.862535609180819
-0.27944815159894587    -4.701263063693803    -3.71614547498387    -4.701263063693803    (-4.71460218890684-0.1893111282610188j)    -3.749574169921229    -5.032963472293921    4.536737958169521    -4.862535609180819
-0.27944815159894587    -4.701263063693803    -3.71614547498387    -4.701263063693803    (-4.689039205925289+0.36788064735030207j)    -4.14042270090988    -4.575668018132514    4.536737958169521    -4.862535609180819
-0.27944815159894587    -4.701263063693803    -3.71614547498387    -4.701263063693803    (-4.531076664314395+0.5121713567243711j)    -4.032925720908932    -5.296092556249768    4.536737958169521    -4.862535609180819
-0.27944815159894587    -4.701263063693803    -3.71614547498387    -4.701263063693803    (-4.322485133336461+0.4723211632202318j)    -3.895482894330484    -4.6880318428895125    4.536737958169521    -4.862535609180819
-0.27944815159894587    -4.701263063693803    -3.71614547498387    -4.701263063693803    (-4.531004217952053+0.19988480881396442j)    -3.8983463098838653    -5.095403032720068    4.536737958169521    -4.862535609180819
-0.27944815159894587    -4.701263063693803    -3.71614547498387    -4.701263063693803    (-4.544101813150157-0.056780097237937824j)    -3.9904523264456273    -4.836231206540327    4.536737958169521    -4.862535609180819
-0.27944815159894587    -4.701263063693803    -3.71614547498387    -4.701263063693803    (-4.487344799526398+0.1513176080681802j)    -4.112319681948251    -4.671445200199187    4.536737958169521    -4.862535609180819
-0.27944815159894587    -4.701263063693803    -3.71614547498387    -4.701263063693803    (-4.468633887926708+0.21809769155914951j)    -3.934577607815858    -4.792747547396492    4.536737958169521    -4.862535609180819
-0.27944815159894587    -4.701263063693803    -3.71614547498387    -4.701263063693803    (-4.6973959548403394-0.10582176829856296j)    -3.9036938495455153    -4.9655414552969    4.536737958169521    -4.862535609180819
-0.27944815159894587    -4.701263063693803    -3.71614547498387    -4.701263063693803    (-4.71026162427241-0.5761753890988837j)    -3.8497766476352773    -5.039184454959    4.536737958169521    -4.862535609180819
-0.27944815159894587    -4.701263063693803    -3.71614547498387    -4.701263063693803    (-4.262826354697797+0.18842973581915182j)    -4.011195431000593    -4.628684387631999    4.536737958169521    -4.862535609180819
-0.27944815159894587    -4.701263063693803    -3.71614547498387    -4.701263063693803    (-4.740851290780126+0.3543343339301518j)    -4.143128633389119    -5.301105664424895    4.536737958169521    -4.862535609180819
-0.27944815159894587    -4.701263063693803    -3.71614547498387    -4.701263063693803    (-4.816483110516588-0.3035800261619576j)    -3.90369112988739    -4.217720326044895    4.536737958169521    -4.862535609180819
-0.27944815159894587    -4.701263063693803    -3.71614547498387    -4.701263063693803    (-4.853688370910235-0.13372095165015646j)    -3.996826282850206    -4.2353744374021876    4.536737958169521    -4.862535609180819
-0.27944815159894587    -4.701263063693803    -3.71614547498387    -4.701263063693803    (-5.154565404578671+0.8594944605322111j)    -3.8214826098530112    -4.966829828852894    4.536737958169521    -4.862535609180819
-0.27944815159894587    -4.701263063693803    -3.71614547498387    -4.701263063693803    (-4.777426923051824-0.0125177821201883j)    -3.9419897076832098    -4.930420673818789    4.536737958169521    -4.862535609180819
-0.27944815159894587    -4.701263063693803    -3.71614547498387    -4.701263063693803    (-4.7875646530537335+0.011754801252344719j)    -3.9221008976584453    -4.943125723341979    4.536737958169521    -4.862535609180819
-0.27944815159894587    -4.701263063693803    -3.71614547498387    -4.701263063693803    (-4.322728827105703-0.32468955712605907j)    -4.029874567184397    -4.752306856199654    4.536737958169521    -4.862535609180819
-0.27944815159894587    -4.701263063693803    -3.71614547498387    -4.701263063693803    (-4.737236398996532-0.7926641757672438j)    -3.866404287021334    -4.865695543382113    4.536737958169521    -4.862535609180819
-0.27944815159894587    -4.701263063693803    -3.71614547498387    -4.701263063693803    (-5.057233450187438+0.24070911379437765j)    -3.8893209427104822    -4.749895121193459    4.536737958169521    -4.862535609180819
-0.27944815159894587    -4.701263063693803    -3.71614547498387    -4.701263063693803    (-4.721977428082091-0.7316645333728172j)    -4.007269808588459    -4.831447910097523    4.536737958169521    -4.862535609180819
-0.27944815159894587    -4.701263063693803    -3.71614547498387    -4.701263063693803    (-4.458867635802534+0.6737866410368316j)    -3.9370828159517393    -4.659194317384023    4.536737958169521    -4.862535609180819
-0.27944815159894587    -4.701263063693803    -3.71614547498387    -4.701263063693803    (-4.753037055152637-0.12226944114775314j)    -3.9878278116696304    -4.56697107252376    4.536737958169521    -4.862535609180819
-0.27944815159894587    -4.701263063693803    -3.71614547498387    -4.701263063693803    (-4.141962910540583+0.5509897924844525j)    -3.9516645855681003    -4.6090784741433595    4.536737958169521    -4.862535609180819
-0.27944815159894587    -4.701263063693803    -3.71614547498387    -4.701263063693803    (-4.038385218425605+0.9587364982398638j)    -3.91471983418215    -4.945177138461462    4.536737958169521    -4.862535609180819
-0.27944815159894587    -4.701263063693803    -3.71614547498387    -4.701263063693803    (-4.964110661788332+0.20802146291859483j)    -3.831550639301027    -4.651072751049132    4.536737958169521    -4.862535609180819
-0.27944815159894587    -4.701263063693803    -3.71614547498387    -4.701263063693803    (-4.515621617137376+0.6900780537133803j)    -3.8560937771770685    -4.5482260365592335    4.536737958169521    -4.862535609180819
-0.27944815159894587    -4.701263063693803    -3.71614547498387    -4.701263063693803    (-4.567146074855687+0.42183087380311607j)    -3.8907103999744415    -5.223795770174166    4.536737958169521    -4.862535609180819
-0.27944815159894587    -4.701263063693803    -3.71614547498387    -4.701263063693803    (-4.377249813799354+0.006280531095022014j)    -4.082426240197186    -4.33898716255869    4.536737958169521    -4.862535609180819
-0.27944815159894587    -4.701263063693803    -3.71614547498387    -4.701263063693803    (-5.087300056736422+0.44362159228233455j)    -3.9109839185322235    -4.7920745984197675    4.536737958169521    -4.862535609180819
-0.27944815159894587    -4.701263063693803    -3.71614547498387    -4.701263063693803    (-4.573148694166584+0.5478175287277361j)    -3.873763189874794    -5.263729457396181    4.536737958169521    -4.862535609180819
-0.27944815159894587    -4.701263063693803    -3.71614547498387    -4.701263063693803    (-5.0108135274231325-0.8868997111119473j)    -3.79481069075308    -4.893699485471332    4.536737958169521    -4.862535609180819
-0.27944815159894587    -4.701263063693803    -3.71614547498387    -4.701263063693803    (-5.42242277963222+0.4996094812475912j)    -4.030970150344388    -4.393378910686688    4.536737958169521    -4.862535609180819
-0.27944815159894587    -4.701263063693803    -3.71614547498387    -4.701263063693803    (-4.422035250323893+0.38002688700226905j)    -3.6634658179523907    -4.208080269483995    4.536737958169521    -4.862535609180819
-0.27944815159894587    -4.701263063693803    -3.71614547498387    -4.701263063693803    (-4.188313497062642+0.6030133367996083j)    -3.9582761275339835    -4.538082954574982    4.536737958169521    -4.862535609180819
-0.27944815159894587    -4.701263063693803    -3.71614547498387    -4.701263063693803    (-4.789120506595443+0.1261537002281127j)    -4.085751457155159    -4.628229035889993    4.536737958169521    -4.862535609180819
-0.27944815159894587    -4.701263063693803    -3.71614547498387    -4.701263063693803    (-4.185627183403272-0.3169559477942929j)    -3.9032007442830348    -4.567769594431468    4.536737958169521    -4.862535609180819
-0.27944815159894587    -4.701263063693803    -3.71614547498387    -4.701263063693803    (-4.45156391881756-0.43427961349684685j)    -4.115613746738202    -4.757383806624427    4.536737958169521    -4.862535609180819
-0.27944815159894587    -4.701263063693803    -3.71614547498387    -4.701263063693803    (-4.71668402917944+0.15449618763113404j)    -3.8418237417517993    -4.579474976080091    4.536737958169521    -4.862535609180819
-0.27944815159894587    -4.701263063693803    -3.71614547498387    -4.701263063693803    (-4.750118677811752+0.34025679298049255j)    -4.031584882615562    -4.499121934577419    4.536737958169521    -4.862535609180819
-0.27944815159894587    -4.701263063693803    -3.71614547498387    -4.701263063693803    (-4.4463119158370175-0.3551225299849672j)    -3.9593976608028307    -4.501485298655696    4.536737958169521    -4.862535609180819
-0.27944815159894587    -4.701263063693803    -3.71614547498387    -4.701263063693803    (-4.6519243741715695+0.0751173257163341j)    -4.004002219861419    -4.692616933978235    4.536737958169521    -4.862535609180819
-0.27944815159894587    -4.701263063693803    -3.71614547498387    -4.701263063693803    (-4.563728701968463-0.38217780866107315j)    -3.787703290485301    -4.422723375098711    4.536737958169521    -4.862535609180819
-0.27944815159894587    -4.701263063693803    -3.71614547498387    -4.701263063693803    (-5.183086685924298-0.38344110817080024j)    -4.128144964720563    -4.5705175087698    4.536737958169521    -4.862535609180819
-0.27944815159894587    -4.701263063693803    -3.71614547498387    -4.701263063693803    (-4.441957842229124+0.021296336956072356j)    -3.8493681877814154    -4.48603341028432    4.536737958169521    -4.862535609180819
-0.27944815159894587    -4.701263063693803    -3.71614547498387    -4.701263063693803    (-4.668315277058044-0.1816682673256122j)    -4.151651737839783    -4.60623699884406    4.536737958169521    -4.862535609180819
-0.27944815159894587    -4.701263063693803    -3.71614547498387    -4.701263063693803    (-4.586167944166613+0.7125783800153311j)    -4.015155911902465    -4.699296405172115    4.536737958169521    -4.862535609180819
-0.27944815159894587    -4.701263063693803    -3.71614547498387    -4.701263063693803    (-5.211559741008972-0.4113618169925742j)    -3.900514799357806    -4.665802008995631    4.536737958169521    -4.862535609180819
-0.27944815159894587    -4.701263063693803    -3.71614547498387    -4.701263063693803    (-4.337119324181107+0.28766802575038947j)    -4.178745773080321    -4.3681140758351304    4.536737958169521    -4.862535609180819
-0.27944815159894587    -4.701263063693803    -3.71614547498387    -4.701263063693803    (-4.583124118690682-0.5453816986487211j)    -3.9285513971958586    -4.544662684679698    4.536737958169521    -4.862535609180819
-0.27944815159894587    -4.701263063693803    -3.71614547498387    -4.701263063693803    (-5.064739686421966+0.38350851820028825j)    -3.914051896304754    -4.865279586541113    4.536737958169521    -4.862535609180819
-0.27944815159894587    -4.701263063693803    -3.71614547498387    -4.701263063693803    (-4.386488364104974+0.23186345792778398j)    -3.691186658939748    -4.712141052825252    4.536737958169521    -4.862535609180819
-0.27944815159894587    -4.701263063693803    -3.71614547498387    -4.701263063693803    (-4.711220563085921-0.19127377578399327j)    -3.73391267752086    -5.042012567945084    4.536737958169521    -4.862535609180819
-0.27944815159894587    -4.701263063693803    -3.71614547498387    -4.701263063693803    (-4.406320470948329-0.3684347327942127j)    -4.0830928058775235    -4.528546376820516    4.536737958169521    -4.862535609180819
-0.27944815159894587    -4.701263063693803    -3.71614547498387    -4.701263063693803    (-4.629977803211908+0.059312427401119514j)    -4.0432736962074465    -4.725133278889302    4.536737958169521    -4.862535609180819
-0.27944815159894587    -4.701263063693803    -3.71614547498387    -4.701263063693803    (-4.555377468753718+0.13085519595559955j)    -3.739771101399985    -4.597678836411169    4.536737958169521    -4.862535609180819
-0.27944815159894587    -4.701263063693803    -3.71614547498387    -4.701263063693803    (-5.080874561446895-0.7388179781109729j)    -3.9919621194105304    -4.543905586116176    4.536737958169521    -4.862535609180819
-0.27944815159894587    -4.701263063693803    -3.71614547498387    -4.701263063693803    (-4.728155885363304-0.13725294058062878j)    -4.189579152559914    -4.313268585098188    4.536737958169521    -4.862535609180819
-0.27944815159894587    -4.701263063693803    -3.71614547498387    -4.701263063693803    (-4.308863802554807-0.20993047343192206j)    -3.928684559879701    -4.567018407302033    4.536737958169521    -4.862535609180819
-0.27944815159894587    -4.701263063693803    -3.71614547498387    -4.701263063693803    (-4.589759779385933+0.24332382793175575j)    -4.021007091993447    -4.774218739937557    4.536737958169521    -4.862535609180819
-0.27944815159894587    -4.701263063693803    -3.71614547498387    -4.701263063693803    (-5.410087309743621-0.5353653299345926j)    -3.896938723324296    -4.519779728910456    4.536737958169521    -4.862535609180819
-0.27944815159894587    -4.701263063693803    -3.71614547498387    -4.701263063693803    (-4.262859590433906+0.45665081237936994j)    -3.887406271783744    -4.172017534392391    4.536737958169521    -4.862535609180819
-0.27944815159894587    -4.701263063693803    -3.71614547498387    -4.701263063693803    (-4.586836200248544+0.3905945099472249j)    -3.8519074914653104    -4.5559895421909    4.536737958169521    -4.862535609180819
-0.27944815159894587    -4.701263063693803    -3.71614547498387    -4.701263063693803    (-4.418988298694655-0.38464682293446406j)    -3.8455660004264205    -4.074257980563895    4.536737958169521    -4.862535609180819
-0.27944815159894587    -4.701263063693803    -3.71614547498387    -4.701263063693803    (-4.233171151129636-0.3879499380619749j)    -3.892154548168909    -4.903271851079025    4.536737958169521    -4.862535609180819
-0.27944815159894587    -4.701263063693803    -3.71614547498387    -4.701263063693803    (-4.489499971439044-0.027325198829810764j)    -3.8768264629766813    -4.405260549066937    4.536737958169521    -4.862535609180819
-0.27944815159894587    -4.701263063693803    -3.71614547498387    -4.701263063693803    (-4.300665125809974+0.11405813336952016j)    -4.063012696581106    -4.136097210917796    4.536737958169521    -4.862535609180819
-0.27944815159894587    -4.701263063693803    -3.71614547498387    -4.701263063693803    (-4.533324057606356+0.11219270916094852j)    -3.7850149285293546    -4.510285586056258    4.536737958169521    -4.862535609180819
-0.27944815159894587    -4.701263063693803    -3.71614547498387    -4.701263063693803    (-4.468060777297392+0.05229802750597573j)    -4.004360195525673    -4.637643660379706    4.536737958169521    -4.862535609180819
-0.27944815159894587    -4.701263063693803    -3.71614547498387    -4.701263063693803    (-7.6383839812978405-0.3140969564223797j)    -3.9974784162737342    -4.8879616460242055    4.536737958169521    -4.862535609180819
-0.27944815159894587    -4.701263063693803    -3.71614547498387    -4.701263063693803    (-4.791611818233937+0.020662830138667532j)    -4.072335499527263    -4.834846846482764    4.536737958169521    -4.862535609180819
-0.27944815159894587    -4.701263063693803    -3.71614547498387    -4.701263063693803    (-4.4693847817441235+0.007515392886875804j)    -3.799171703802951    -4.806906444620066    4.536737958169521    -4.862535609180819
-0.27944815159894587    -4.701263063693803    -3.71614547498387    -4.701263063693803    (-4.810047437380707+0.09767755264721656j)    -3.761931072512389    -4.562306153935808    4.536737958169521    -4.862535609180819
-0.27944815159894587    -4.701263063693803    -3.71614547498387    -4.701263063693803    (-4.457887617384679-0.11812780684346648j)    -3.842139189993173    -5.117388499595842    4.536737958169521    -4.862535609180819
-0.27944815159894587    -4.701263063693803    -3.71614547498387    -4.701263063693803    (-4.2715293040672195-1.256729777519766j)    -4.086003080283063    -5.256180352731468    4.536737958169521    -4.862535609180819
-0.27944815159894587    -4.701263063693803    -3.71614547498387    -4.701263063693803    (-4.700901243354222+0.09503650488177895j)    -3.7985033017752396    -5.251769147550846    4.536737958169521    -4.862535609180819
-0.27944815159894587    -4.701263063693803    -3.71614547498387    -4.701263063693803    (-4.333479683928044+0.30338402995859043j)    -4.006782520124729    -5.117898489390396    4.536737958169521    -4.862535609180819
-0.27944815159894587    -4.701263063693803    -3.71614547498387    -4.701263063693803    (-4.644615209719857+0.011911548192342483j)    -4.015820215112518    -4.826808754585647    4.536737958169521    -4.862535609180819
-0.27944815159894587    -4.701263063693803    -3.71614547498387    -4.701263063693803    (-4.685153142158845+0.49212698997725307j)    -3.779508752355516    -4.7952031072337125    4.536737958169521    -4.862535609180819
-0.27944815159894587    -4.701263063693803    -3.71614547498387    -4.701263063693803    (-5.111033618935335-0.6639025190794879j)    -3.978533620051518    -5.055477536428057    4.536737958169521    -4.862535609180819
-0.27944815159894587    -4.701263063693803    -3.71614547498387    -4.701263063693803    (-4.524106711524853-0.4519549428589516j)    -4.082566547389093    -4.489783191301471    4.536737958169521    -4.862535609180819
-0.27944815159894587    -4.701263063693803    -3.71614547498387    -4.701263063693803    (-4.497920123468728-0.1690743144228418j)    -4.15304830784981    -4.892900275099057    4.536737958169521    -4.862535609180819
-0.27944815159894587    -4.701263063693803    -3.71614547498387    -4.701263063693803    (-4.7281974252757895+0.08964051755362085j)    -3.77883152421163    -4.530948850943698    4.536737958169521    -4.862535609180819
-0.27944815159894587    -4.701263063693803    -3.71614547498387    -4.701263063693803    (-4.5507964753490135+0.7665675437299674j)    -3.8927343999875537    -4.829695223917545    4.536737958169521    -4.862535609180819
-0.27944815159894587    -4.701263063693803    -3.71614547498387    -4.701263063693803    (-4.366353964807798-0.17297706192951004j)    -3.8591029842250144    -4.780958602012492    4.536737958169521    -4.862535609180819
-0.27944815159894587    -4.701263063693803    -3.71614547498387    -4.701263063693803    (-4.795925070596094+0.12103100090364642j)    -3.884544338043711    -4.997527133554084    4.536737958169521    -4.862535609180819
-0.27944815159894587    -4.701263063693803    -3.71614547498387    -4.701263063693803    (-4.318674763330853-0.1513344349320488j)    -4.108816055451135    -4.705233150422707    4.536737958169521    -4.862535609180819
-0.27944815159894587    -4.701263063693803    -3.71614547498387    -4.701263063693803    (-4.864896536478501+0.3403621151402267j)    -3.90422684967694    -4.663105118014554    4.536737958169521    -4.862535609180819
-0.27944815159894587    -4.701263063693803    -3.71614547498387    -4.701263063693803    (-4.333138624117417+0.3256982639355373j)    -3.829235187479935    -4.684191258802474    4.536737958169521    -4.862535609180819
-0.27944815159894587    -4.701263063693803    -3.71614547498387    -4.701263063693803    (-4.693753103788596-0.2879524732052778j)    -3.9593597178658158    -5.2991067775252265    4.536737958169521    -4.862535609180819
-0.27944815159894587    -4.701263063693803    -3.71614547498387    -4.701263063693803    (-4.7637095491227415+0.9769102127859863j)    -3.6525490632725948    -4.798484147665305    4.536737958169521    -4.862535609180819
-0.27944815159894587    -4.701263063693803    -3.71614547498387    -4.701263063693803    (-4.80204069518859-0.1452436131122302j)    -3.53596157653826    -4.902484097799327    4.536737958169521    -4.862535609180819
-0.27944815159894587    -4.701263063693803    -3.71614547498387    -4.701263063693803    (-4.778044039421892+0.436063375107016j)    -3.9186799162440527    -4.508812362066742    4.536737958169521    -4.862535609180819
-0.27944815159894587    -4.701263063693803    -3.71614547498387    -4.701263063693803    (-4.792725385973382-0.08510285546744105j)    -3.7121753741818027    -4.403558314566054    4.536737958169521    -4.862535609180819
-0.27944815159894587    -4.701263063693803    -3.71614547498387    -4.701263063693803    (-4.651635936025388-0.16222314140968866j)    -3.8272996075935115    -4.642462216074312    4.536737958169521    -4.862535609180819
-0.27944815159894587    -4.701263063693803    -3.71614547498387    -4.701263063693803    (-4.636503940940117-0.05298258957484343j)    -4.068187230884907    -4.990921745651436    4.536737958169521    -4.862535609180819
-0.27944815159894587    -4.701263063693803    -3.71614547498387    -4.701263063693803    (-4.474365345457081+0.7065299758057975j)    -3.8074123607582155    -5.1773919360873935    4.536737958169521    -4.862535609180819
-0.27944815159894587    -4.701263063693803    -3.71614547498387    -4.701263063693803    (-4.32054462675907-0.9594383159717219j)    -4.017670452482541    -4.944522589128509    4.536737958169521    -4.862535609180819
-0.27944815159894587    -4.701263063693803    -3.71614547498387    -4.701263063693803    (-5.485622450007551-0.6112750393826857j)    -4.023146305081562    -4.594425242389118    4.536737958169521    -4.862535609180819
-0.27944815159894587    -4.701263063693803    -3.71614547498387    -4.701263063693803    (-4.772338149755133-0.16529502270592j)    -4.097121521045385    -4.711999506763085    4.536737958169521    -4.862535609180819
-0.27944815159894587    -4.701263063693803    -3.71614547498387    -4.701263063693803    (-4.484833406841025+0.24943581889120764j)    -3.9547245957757498    -4.191099622202608    4.536737958169521    -4.862535609180819
-0.27944815159894587    -4.701263063693803    -3.71614547498387    -4.701263063693803    (-4.698244404384057-0.3155851629673768j)    -3.6334565279638773    -4.746551681057899    4.536737958169521    -4.862535609180819
-0.27944815159894587    -4.701263063693803    -3.71614547498387    -4.701263063693803    (-4.866482614912398+0.1870784740316657j)    -4.092085669671713    -4.762982961192308    4.536737958169521    -4.862535609180819
-0.27944815159894587    -4.701263063693803    -3.71614547498387    -4.701263063693803    (-4.801464495078256+0.12236377590256234j)    -3.9061007139442614    -4.93328705097295    4.536737958169521    -4.862535609180819
-0.27944815159894587    -4.701263063693803    -3.71614547498387    -4.701263063693803    (-4.41199613543648-0.42249546643557556j)    -3.9097405532226714    -4.827840423311464    4.536737958169521    -4.862535609180819
-0.27944815159894587    -4.701263063693803    -3.71614547498387    -4.701263063693803    (-4.665820719018862+0.48934006268773206j)    -4.09102860374013    -4.4691540471059445    4.536737958169521    -4.862535609180819
-0.27944815159894587    -4.701263063693803    -3.71614547498387    -4.701263063693803    (-4.771362911449003-0.1397179549067242j)    -4.129415647166396    -4.5394651504826085    4.536737958169521    -4.862535609180819
-0.27944815159894587    -4.701263063693803    -3.71614547498387    -4.701263063693803    (-4.958201663718322+0.2757248248291873j)    -3.9205931974299593    -4.666863982113181    4.536737958169521    -4.862535609180819
-0.27944815159894587    -4.701263063693803    -3.71614547498387    -4.701263063693803    (-5.094642669101361-0.7401994355107293j)    -3.989455260465878    -4.470129996242431    4.536737958169521    -4.862535609180819
-0.27944815159894587    -4.701263063693803    -3.71614547498387    -4.701263063693803    (-4.493229005910073+0.614744794917026j)    -4.1160244247516244    -4.474679575770188    4.536737958169521    -4.862535609180819
-0.27944815159894587    -4.701263063693803    -3.71614547498387    -4.701263063693803    (-4.729436938409363-0.4453726430273891j)    -3.9716478228506626    -5.047274936056008    4.536737958169521    -4.862535609180819
-0.27944815159894587    -4.701263063693803    -3.71614547498387    -4.701263063693803    (-4.33417515061574-0.8156090399589255j)    -3.988706604818072    -4.9542237594647895    4.536737958169521    -4.862535609180819
-0.27944815159894587    -4.701263063693803    -3.71614547498387    -4.701263063693803    (-4.536059547102566+0.14296862376055372j)    -3.9960123870246527    -4.803385822287936    4.536737958169521    -4.862535609180819
-0.27944815159894587    -4.701263063693803    -3.71614547498387    -4.701263063693803    (-4.409352398613301-0.24904015033788804j)    -3.836361341298131    -5.163837259679854    4.536737958169521    -4.862535609180819
-0.27944815159894587    -4.701263063693803    -3.71614547498387    -4.701263063693803    (-4.442818904006807-0.06603202280442187j)    -3.8563889861464276    -5.021238735164352    4.536737958169521    -4.862535609180819
-0.27944815159894587    -4.701263063693803    -3.71614547498387    -4.701263063693803    (-4.615153898074441-0.03518157974020536j)    -3.7672123502651402    -4.428646310583195    4.536737958169521    -4.862535609180819
-0.27944815159894587    -4.701263063693803    -3.71614547498387    -4.701263063693803    (-4.70396572481976-0.24696676208063653j)    -3.8861604725045256    -4.412531773108958    4.536737958169521    -4.862535609180819
-0.27944815159894587    -4.701263063693803    -3.71614547498387    -4.701263063693803    (-4.695514085549826+0.40643720129855987j)    -3.984680796374251    -4.735796256541715    4.536737958169521    -4.862535609180819
-0.27944815159894587    -4.701263063693803    -3.71614547498387    -4.701263063693803    (-4.55103813553812-0.07926624668723747j)    -4.046801636615779    -5.086230053158554    4.536737958169521    -4.862535609180819
-0.27944815159894587    -4.701263063693803    -3.71614547498387    -4.701263063693803    (-4.5993756577983165+0.06339147241202228j)    -3.9712889108983926    -4.744071046397248    4.536737958169521    -4.862535609180819
-0.27944815159894587    -4.701263063693803    -3.71614547498387    -4.701263063693803    (-5.0773806481833725-0.5740495046722401j)    -3.913631920400658    -4.651201300062896    4.536737958169521    -4.862535609180819
-0.27944815159894587    -4.701263063693803    -3.71614547498387    -4.701263063693803    (-4.4398581879824+0.6575842750297599j)    -4.1570605776705385    -4.726952647362295    4.536737958169521    -4.862535609180819
-0.27944815159894587    -4.701263063693803    -3.71614547498387    -4.701263063693803    (-5.001360011572097+0.07801331367429126j)    -3.7890532288323557    -4.442195878332127    4.536737958169521    -4.862535609180819
-0.27944815159894587    -4.701263063693803    -3.71614547498387    -4.701263063693803    (-3.8729701347034675+0.7010115245701081j)    -3.7837053952197364    -5.259083276481982    4.536737958169521    -4.862535609180819
-0.27944815159894587    -4.701263063693803    -3.71614547498387    -4.701263063693803    (-4.685076001317695+0.08882240874350421j)    -3.9499102426241843    -4.525368777982435    4.536737958169521    -4.862535609180819
-0.27944815159894587    -4.701263063693803    -3.71614547498387    -4.701263063693803    (-4.69055309917313+0.9421619600437188j)    -3.965757308738003    -4.630527443777428    4.536737958169521    -4.862535609180819
-0.27944815159894587    -4.701263063693803    -3.71614547498387    -4.701263063693803    (-4.43701697325729+0.020074799752490265j)    -3.9141338933489296    -4.87030082478263    4.536737958169521    -4.862535609180819
-0.27944815159894587    -4.701263063693803    -3.71614547498387    -4.701263063693803    (-4.823305294311242+0.2437274165496861j)    -4.1015775862020165    -4.699963064003089    4.536737958169521    -4.862535609180819
-0.27944815159894587    -4.701263063693803    -3.71614547498387    -4.701263063693803    (-4.560543993156534-0.4875048519082959j)    -3.828157366254647    -5.204275490888382    4.536737958169521    -4.862535609180819
-0.27944815159894587    -4.701263063693803    -3.71614547498387    -4.701263063693803    (-4.732193166580642+0.11540512621896976j)    -3.835355098243729    -4.9002318635144135    4.536737958169521    -4.862535609180819
-0.27944815159894587    -4.701263063693803    -3.71614547498387    -4.701263063693803    (-4.734627860667939+0.13920898714261773j)    -3.8774968396911618    -4.8715863719504915    4.536737958169521    -4.862535609180819
-0.27944815159894587    -4.701263063693803    -3.71614547498387    -4.701263063693803    (-4.579897798913663-0.2036625884596753j)    -4.093398321839468    -4.916219746766733    4.536737958169521    -4.862535609180819
-0.27944815159894587    -4.701263063693803    -3.71614547498387    -4.701263063693803    (-4.580830856934355+0.2600699489193097j)    -3.9433692825674536    -4.490283481959696    4.536737958169521    -4.862535609180819
-0.27944815159894587    -4.701263063693803    -3.71614547498387    -4.701263063693803    (-4.516957203568099-0.17756721165886047j)    -3.9525225673880504    -4.192168127810924    4.536737958169521    -4.862535609180819
-0.27944815159894587    -4.701263063693803    -3.71614547498387    -4.701263063693803    (-4.27855021607483-0.36613217781525775j)    -3.822389963118301    -4.297207331829326    4.536737958169521    -4.862535609180819
-0.27944815159894587    -4.701263063693803    -3.71614547498387    -4.701263063693803    (-5.016678471818201+0.036994914043443176j)    -4.080918640334129    -4.698463788410447    4.536737958169521    -4.862535609180819
-0.27944815159894587    -4.701263063693803    -3.71614547498387    -4.701263063693803    (-4.735094367512499-0.44544845818635376j)    -4.019341394690942    -4.607978559316615    4.536737958169521    -4.862535609180819
-0.27944815159894587    -4.701263063693803    -3.71614547498387    -4.701263063693803    (-4.747110308332281+0.09716969803009078j)    -4.0174497204484645    -4.639920462177551    4.536737958169521    -4.862535609180819
-0.27944815159894587    -4.701263063693803    -3.71614547498387    -4.701263063693803    (-4.496766833488064+0.2620168095441156j)    -4.252189232801528    -4.194005483951133    4.536737958169521    -4.862535609180819
-0.27944815159894587    -4.701263063693803    -3.71614547498387    -4.701263063693803    (-4.621054113631637+0.007695473402281351j)    -3.661390602925699    -4.657642836218882    4.536737958169521    -4.862535609180819
-0.27944815159894587    -4.701263063693803    -3.71614547498387    -4.701263063693803    (-4.52352159766899-0.3339295263846889j)    -4.109078080733479    -5.2524388933322905    4.536737958169521    -4.862535609180819
-0.27944815159894587    -4.701263063693803    -3.71614547498387    -4.701263063693803    (-5.206261264784397+0.8290338458065654j)    -3.8856170796598057    -4.7224747136172605    4.536737958169521    -4.862535609180819
-0.27944815159894587    -4.701263063693803    -3.71614547498387    -4.701263063693803    (-4.6504903709789085+0.05870272378517995j)    -3.8027443913608994    -4.335637178813244    4.536737958169521    -4.862535609180819
-0.27944815159894587    -4.701263063693803    -3.71614547498387    -4.701263063693803    (-4.814900463470929+0.3158139541909377j)    -3.9679724472867166    -4.532904513194622    4.536737958169521    -4.862535609180819
-0.27944815159894587    -4.701263063693803    -3.71614547498387    -4.701263063693803    (-5.4268945839303155-0.11109346676464604j)    -3.9319810016319185    -4.80699286833139    4.536737958169521    -4.862535609180819
-0.27944815159894587    -4.701263063693803    -3.71614547498387    -4.701263063693803    (-4.478310079270156-0.16421715505103512j)    -3.9284193827202727    -4.458688643722692    4.536737958169521    -4.862535609180819
-0.27944815159894587    -4.701263063693803    -3.71614547498387    -4.701263063693803    (-4.437078265980747+0.30247806115162207j)    -4.018086745202877    -4.796745636284982    4.536737958169521    -4.862535609180819
-0.27944815159894587    -4.701263063693803    -3.71614547498387    -4.701263063693803    (-4.800372226206054+0.03711389962516414j)    -3.8737443052447045    -4.692196626036932    4.536737958169521    -4.862535609180819
-0.27944815159894587    -4.701263063693803    -3.71614547498387    -4.701263063693803    (-4.734405435082952-0.12789770124467717j)    -4.109911073364366    -4.638450188916397    4.536737958169521    -4.862535609180819
-0.27944815159894587    -4.701263063693803    -3.71614547498387    -4.701263063693803    (-4.605892249109071-0.17550874669751546j)    -3.889803904360012    -5.150686619529498    4.536737958169521    -4.862535609180819
-0.27944815159894587    -4.701263063693803    -3.71614547498387    -4.701263063693803    (-4.708157254328128+0.02448970763841167j)    -3.7354370909470167    -5.117112562275811    4.536737958169521    -4.862535609180819
-0.27944815159894587    -4.701263063693803    -3.71614547498387    -4.701263063693803    (-4.445061365310832+0.8642393269167066j)    -3.955340002947009    -4.429100624000596    4.536737958169521    -4.862535609180819
-0.27944815159894587    -4.701263063693803    -3.71614547498387    -4.701263063693803    (-4.821841513187783+0.007944502386602333j)    -4.073751143228917    -4.969371711923463    4.536737958169521    -4.862535609180819
-0.27944815159894587    -4.701263063693803    -3.71614547498387    -4.701263063693803    (-4.579326480816918-0.5208505594392518j)    -3.9986653310110927    -4.1683386273223455    4.536737958169521    -4.862535609180819
-0.27944815159894587    -4.701263063693803    -3.71614547498387    -4.701263063693803    (-4.542323454452853-0.36720756787461395j)    -3.7866820589896153    -4.472307877218434    4.536737958169521    -4.862535609180819
-0.27944815159894587    -4.701263063693803    -3.71614547498387    -4.701263063693803    (-4.612009229326999+0.19655363625930888j)    -4.108901561824612    -4.835011631155875    4.536737958169521    -4.862535609180819
-0.27944815159894587    -4.701263063693803    -3.71614547498387    -4.701263063693803    (-4.8947579087754285+0.14816579094698798j)    -4.034826572554283    -4.254689338874639    4.536737958169521    -4.862535609180819
-0.27944815159894587    -4.701263063693803    -3.71614547498387    -4.701263063693803    (-4.88999081101446+0.550472833623874j)    -3.7143899108158136    -4.4690428172492185    4.536737958169521    -4.862535609180819
-0.27944815159894587    -4.701263063693803    -3.71614547498387    -4.701263063693803    (-4.659494956100415-0.3305592220321619j)    -3.6605802861278236    -4.4432671738124805    4.536737958169521    -4.862535609180819
-0.27944815159894587    -4.701263063693803    -3.71614547498387    -4.701263063693803    (-4.351373649902478-0.1949877872879417j)    -3.645677167255268    -4.845631434919401    4.536737958169521    -4.862535609180819
-0.27944815159894587    -4.701263063693803    -3.71614547498387    -4.701263063693803    (-4.389700090509895-0.021397903125182284j)    -4.078639378280388    -4.602818633895452    4.536737958169521    -4.862535609180819
-0.27944815159894587    -4.701263063693803    -3.71614547498387    -4.701263063693803    (-4.587330939271087-0.39470831520478994j)    -4.052518366514715    -4.494515729005296    4.536737958169521    -4.862535609180819
-0.27944815159894587    -4.701263063693803    -3.71614547498387    -4.701263063693803    (-4.2781152283682875-0.5452057568098347j)    -4.073459110689754    -4.573388607947138    4.536737958169521    -4.862535609180819
-0.27944815159894587    -4.701263063693803    -3.71614547498387    -4.701263063693803    (-5.0763806627661126-0.33649920723073234j)    -3.815231687976352    -5.00986932060939    4.536737958169521    -4.862535609180819
-0.27944815159894587    -4.701263063693803    -3.71614547498387    -4.701263063693803    (-4.495455560729331+0.07236169195231786j)    -3.821884823626559    -4.814901879789414    4.536737958169521    -4.862535609180819
-0.27944815159894587    -4.701263063693803    -3.71614547498387    -4.701263063693803    (-4.4983915484836015-0.0028754279630183164j)    -3.911433194828964    -4.353857056443155    4.536737958169521    -4.862535609180819
-0.27944815159894587    -4.701263063693803    -3.71614547498387    -4.701263063693803    (-4.6661171299563655-0.113068614953739j)    -4.159117324238708    -5.026242258775282    4.536737958169521    -4.862535609180819
-0.27944815159894587    -4.701263063693803    -3.71614547498387    -4.701263063693803    (-5.176011232895168-0.0642453369168877j)    -3.8656460714023897    -4.790805074228346    4.536737958169521    -4.862535609180819
-0.27944815159894587    -4.701263063693803    -3.71614547498387    -4.701263063693803    (-4.484388883476949-0.2569664163382882j)    -4.0092641994049965    -4.692566739821914    4.536737958169521    -4.862535609180819
-0.27944815159894587    -4.701263063693803    -3.71614547498387    -4.701263063693803    (-4.699268732125365+0.08631532223662522j)    -4.0804686092669495    -5.282285042984125    4.536737958169521    -4.862535609180819
-0.27944815159894587    -4.701263063693803    -3.71614547498387    -4.701263063693803    (-4.391817820503931+0.3799946752123658j)    -3.908200591576899    -4.813568318004087    4.536737958169521    -4.862535609180819
-0.27944815159894587    -4.701263063693803    -3.71614547498387    -4.701263063693803    (-4.560400730449984-0.04491654977450463j)    -3.707066094403317    -4.520112470206338    4.536737958169521    -4.862535609180819
-0.27944815159894587    -4.701263063693803    -3.71614547498387    -4.701263063693803    (-4.5982114825892975-0.012546602301603893j)    -4.10512702227613    -4.632793453414846    4.536737958169521    -4.862535609180819
-0.27944815159894587    -4.701263063693803    -3.71614547498387    -4.701263063693803    (-4.799254535133325+0.3113003258995749j)    -3.9293651154206213    -4.533807412197607    4.536737958169521    -4.862535609180819
-0.27944815159894587    -4.701263063693803    -3.71614547498387    -4.701263063693803    (-4.20876000682779-0.4242801956453303j)    -3.6041218691808865    -4.693496917365035    4.536737958169521    -4.862535609180819
-0.27944815159894587    -4.701263063693803    -3.71614547498387    -4.701263063693803    (-4.445527429697352-0.0036481597743774096j)    -3.8045611771378285    -4.736910654014744    4.536737958169521    -4.862535609180819
-0.27944815159894587    -4.701263063693803    -3.71614547498387    -4.701263063693803    (-4.388016413605971-0.0976094866170674j)    -3.853418011903014    -4.664457945439941    4.536737958169521    -4.862535609180819
-0.27944815159894587    -4.701263063693803    -3.71614547498387    -4.701263063693803    (-4.261251472178519+0.03957147492030573j)    -3.9743311798853664    -4.717386955996305    4.536737958169521    -4.862535609180819
-0.27944815159894587    -4.701263063693803    -3.71614547498387    -4.701263063693803    (-4.804463412347685-0.33192677888319155j)    -3.957226640316615    -4.391683252368167    4.536737958169521    -4.862535609180819
-0.27944815159894587    -4.701263063693803    -3.71614547498387    -4.701263063693803    (-4.476217056501629+0.04366977477510034j)    -4.009626486827037    -5.019116759726926    4.536737958169521    -4.862535609180819
-0.27944815159894587    -4.701263063693803    -3.71614547498387    -4.701263063693803    (-4.958551829797877-0.14079313455515582j)    -3.9292688984573543    -4.654374805500818    4.536737958169521    -4.862535609180819
-0.27944815159894587    -4.701263063693803    -3.71614547498387    -4.701263063693803    (-4.918893241826637-0.6648203422860637j)    -3.8536942158416183    -4.8424332393622675    4.536737958169521    -4.862535609180819
-0.27944815159894587    -4.701263063693803    -3.71614547498387    -4.701263063693803    (-4.700974569509708-0.3531522752879611j)    -3.7618439367448535    -5.081037792891196    4.536737958169521    -4.862535609180819
-0.27944815159894587    -4.701263063693803    -3.71614547498387    -4.701263063693803    (-4.568761276083205-0.012288427609567863j)    -3.785191893571927    -4.496159512829113    4.536737958169521    -4.862535609180819
-0.27944815159894587    -4.701263063693803    -3.71614547498387    -4.701263063693803    (-4.877545210520133+0.11182261239428778j)    -4.033106533756686    -4.597124869518213    4.536737958169521    -4.862535609180819
-0.27944815159894587    -4.701263063693803    -3.71614547498387    -4.701263063693803    (-4.81140808340178+0.22236829944152986j)    -4.22312194544458    -4.783544732114831    4.536737958169521    -4.862535609180819
-0.27944815159894587    -4.701263063693803    -3.71614547498387    -4.701263063693803    (-4.4194697226754185+0.055473424427479434j)    -4.043600481860711    -4.497363102693581    4.536737958169521    -4.862535609180819
-0.27944815159894587    -4.701263063693803    -3.71614547498387    -4.701263063693803    (-4.591185375629703-0.235841640454005j)    -3.8728769601981186    -4.735322577242218    4.536737958169521    -4.862535609180819
-0.27944815159894587    -4.701263063693803    -3.71614547498387    -4.701263063693803    (-4.850954152761636-0.07798335494950023j)    -3.620714867075495    -4.923868551752146    4.536737958169521    -4.862535609180819
-0.27944815159894587    -4.701263063693803    -3.71614547498387    -4.701263063693803    (-4.440453590757177+0.10214662590299596j)    -4.068019082654581    -4.486447346576109    4.536737958169521    -4.862535609180819
-0.27944815159894587    -4.701263063693803    -3.71614547498387    -4.701263063693803    (-4.8277403696159755+0.010174497838015426j)    -4.024999468161143    -5.021407226378631    4.536737958169521    -4.862535609180819
-0.27944815159894587    -4.701263063693803    -3.71614547498387    -4.701263063693803    (-4.7628810082000355+0.07049649734977001j)    -4.0543322434559945    -4.842678166007163    4.536737958169521    -4.862535609180819
-0.27944815159894587    -4.701263063693803    -3.71614547498387    -4.701263063693803    (-4.50690395577973-0.286914041109476j)    -4.069448948153866    -4.148675218578882    4.536737958169521    -4.862535609180819
-0.27944815159894587    -4.701263063693803    -3.71614547498387    -4.701263063693803    (-4.649519360880118+0.5851460745285141j)    -3.850617849125366    -5.14354834296581    4.536737958169521    -4.862535609180819
-0.27944815159894587    -4.701263063693803    -3.71614547498387    -4.701263063693803    (-4.576507212342162-0.3474489718308149j)    -4.045637497867939    -4.370281219181795    4.536737958169521    -4.862535609180819
-0.27944815159894587    -4.701263063693803    -3.71614547498387    -4.701263063693803    (-4.4676829889094+0.24682940632011047j)    -3.9909700894053453    -4.687990737905394    4.536737958169521    -4.862535609180819
-0.27944815159894587    -4.701263063693803    -3.71614547498387    -4.701263063693803    (-3.905398442416577-0.5820916714855144j)    -3.9716048333722553    -4.35292643686085    4.536737958169521    -4.862535609180819
-0.27944815159894587    -4.701263063693803    -3.71614547498387    -4.701263063693803    (-4.730170851523754+0.19796164013259854j)    -3.7976440101753286    -4.539646578196929    4.536737958169521    -4.862535609180819
-0.27944815159894587    -4.701263063693803    -3.71614547498387    -4.701263063693803    (-4.650520914655725+0.16102696164153096j)    -3.8423253482674253    -4.51075091996199    4.536737958169521    -4.862535609180819
-0.27944815159894587    -4.701263063693803    -3.71614547498387    -4.701263063693803    (-4.657963623178901-0.12354945824507352j)    -4.064270435366082    -4.697828030444199    4.536737958169521    -4.862535609180819
-0.27944815159894587    -4.701263063693803    -3.71614547498387    -4.701263063693803    (-5.038186693575274+0.0967707520118272j)    -4.167474727826941    -4.681450377355485    4.536737958169521    -4.862535609180819
-0.27944815159894587    -4.701263063693803    -3.71614547498387    -4.701263063693803    (-4.62060330958075+0.2826454837291827j)    -3.957592881078632    -4.749986640646267    4.536737958169521    -4.862535609180819
-0.27944815159894587    -4.701263063693803    -3.71614547498387    -4.701263063693803    (-4.752140947131689+0.037481120039032076j)    -3.781929057815323    -5.113106260781336    4.536737958169521    -4.862535609180819
-0.27944815159894587    -4.701263063693803    -3.71614547498387    -4.701263063693803    (-4.953815269726897-0.05036722493029186j)    -3.933995089554096    -4.542343697922331    4.536737958169521    -4.862535609180819
-0.27944815159894587    -4.701263063693803    -3.71614547498387    -4.701263063693803    (-4.504330463828949+0.1617534912735856j)    -4.1653929415717235    -5.143098036811639    4.536737958169521    -4.862535609180819
-0.27944815159894587    -4.701263063693803    -3.71614547498387    -4.701263063693803    (-4.516000781662514-0.4856679161048668j)    -3.8874020502244586    -4.173954279392026    4.536737958169521    -4.862535609180819
-0.27944815159894587    -4.701263063693803    -3.71614547498387    -4.701263063693803    (-4.61478848297319-0.0938141876326339j)    -4.025538993706222    -4.473836460176115    4.536737958169521    -4.862535609180819
-0.27944815159894587    -4.701263063693803    -3.71614547498387    -4.701263063693803    (-4.748009844152632+0.0708146323313524j)    -3.9159126475349755    -4.569252762317357    4.536737958169521    -4.862535609180819
-0.27944815159894587    -4.701263063693803    -3.71614547498387    -4.701263063693803    (-4.695040516126329+0.16950934097956172j)    -4.113117468384436    -4.829883152713753    4.536737958169521    -4.862535609180819
-0.27944815159894587    -4.701263063693803    -3.71614547498387    -4.701263063693803    (-4.541176014767632+0.11250773256896224j)    -4.111000946188367    -5.240814947139247    4.536737958169521    -4.862535609180819
-0.27944815159894587    -4.701263063693803    -3.71614547498387    -4.701263063693803    (-4.292249826373257-0.49908488419633096j)    -4.229113731872896    -4.494820359252993    4.536737958169521    -4.862535609180819
-0.27944815159894587    -4.701263063693803    -3.71614547498387    -4.701263063693803    (-4.666030786197449+0.3749345241199696j)    -4.011846125703467    -4.680745626237799    4.536737958169521    -4.862535609180819
-0.27944815159894587    -4.701263063693803    -3.71614547498387    -4.701263063693803    (-4.455581724716242-0.13948909101346904j)    -3.8918581199053897    -5.211361739585345    4.536737958169521    -4.862535609180819
-0.27944815159894587    -4.701263063693803    -3.71614547498387    -4.701263063693803    (-4.627632066888622+0.6295453882143405j)    -3.791950773303392    -4.808177471591313    4.536737958169521    -4.862535609180819
-0.27944815159894587    -4.701263063693803    -3.71614547498387    -4.701263063693803    (-4.368066071369625-0.2528112821514237j)    -4.085060335236627    -4.613949257560458    4.536737958169521    -4.862535609180819
-0.27944815159894587    -4.701263063693803    -3.71614547498387    -4.701263063693803    (-4.395383214935355+0.07066711855906957j)    -3.8215215523312835    -4.936045011583382    4.536737958169521    -4.862535609180819
-0.27944815159894587    -4.701263063693803    -3.71614547498387    -4.701263063693803    (-4.39651089248671-0.3942681491012591j)    -4.0910917447452135    -4.5359802804617155    4.536737958169521    -4.862535609180819
-0.27944815159894587    -4.701263063693803    -3.71614547498387    -4.701263063693803    (-4.913894639343116-0.3031994556781964j)    -4.018268881119563    -4.758572829347141    4.536737958169521    -4.862535609180819
-0.27944815159894587    -4.701263063693803    -3.71614547498387    -4.701263063693803    (-5.623123011861935+0.45163808513509873j)    -3.7982189966573516    -4.760454516592087    4.536737958169521    -4.862535609180819
-0.27944815159894587    -4.701263063693803    -3.71614547498387    -4.701263063693803    (-4.944988904920864+0.26092229052298815j)    -3.8444610684568663    -4.270953298471267    4.536737958169521    -4.862535609180819
-0.27944815159894587    -4.701263063693803    -3.71614547498387    -4.701263063693803    (-4.580238000940133+0.19521574649183385j)    -3.8435327262808814    -4.643274581684294    4.536737958169521    -4.862535609180819
-0.27944815159894587    -4.701263063693803    -3.71614547498387    -4.701263063693803    (-4.654483985555526-0.8093972329590057j)    -4.021654516764294    -5.234983830967065    4.536737958169521    -4.862535609180819
-0.27944815159894587    -4.701263063693803    -3.71614547498387    -4.701263063693803    (-4.235942660017518-0.23110688647592187j)    -4.030273005402054    -4.9529011322438405    4.536737958169521    -4.862535609180819
-0.27944815159894587    -4.701263063693803    -3.71614547498387    -4.701263063693803    (-4.277740406812381+0.6182718927790181j)    -3.777479724007164    -5.083871949532428    4.536737958169521    -4.862535609180819
-0.27944815159894587    -4.701263063693803    -3.71614547498387    -4.701263063693803    (-4.931090469844209+0.11444511213025343j)    -3.69769216259408    -4.778557875688308    4.536737958169521    -4.862535609180819
