c0    e_fci    e_hf    ansatz_energy    HF+CS    HF+meas_diag    pauli_all    pauli_qbw    CCSD
0.9677106263678621    -2.1663874486347607    -2.0985459369977173    -2.1663874486347607    (-2.1593200278534113-0.036546156887437065j)    -2.1570824268347004    -2.143844619099825    -2.1581275907430406    -2.1663795216395307
0.9677106263678621    -2.1663874486347607    -2.0985459369977173    -2.1663874486347607    (-2.1585930633305663+0.005977413015690924j)    -2.1564948948564804    -2.1793509279472594    -2.22897526912798    -2.1663795216395307
0.9677106263678621    -2.1663874486347607    -2.0985459369977173    -2.1663874486347607    (-2.1715407834634854-0.009103503802328263j)    -2.1608719255805684    -2.203952387947168    -1.9859008850529334    -2.1663795216395307
0.9677106263678621    -2.1663874486347607    -2.0985459369977173    -2.1663874486347607    (-2.1636182334452805-0.021533226056834734j)    -2.169889917172929    -2.2297435624017323    -2.211977959585437    -2.1663795216395307
0.9677106263678621    -2.1663874486347607    -2.0985459369977173    -2.1663874486347607    (-2.1196186482302064+0.0348815998825947j)    -2.160043242781676    -2.1938833179199944    -2.0693218774111375    -2.1663795216395307
0.9677106263678621    -2.1663874486347607    -2.0985459369977173    -2.1663874486347607    (-2.1722170886516077+0.013955053051650372j)    -2.177575136187627    -2.2577658025743954    -2.0181449382625956    -2.1663795216395307
0.9677106263678621    -2.1663874486347607    -2.0985459369977173    -2.1663874486347607    (-2.164698155166821+0.027743474377032003j)    -2.1689475568560255    -2.1447538452483075    -2.2197018075580197    -2.1663795216395307
0.9677106263678621    -2.1663874486347607    -2.0985459369977173    -2.1663874486347607    (-2.1499937618514147+0.012253191068426662j)    -2.167843302993738    -2.192331928912505    -2.0789929597799    -2.1663795216395307
0.9677106263678621    -2.1663874486347607    -2.0985459369977173    -2.1663874486347607    (-2.187456945649828-0.021537173424966517j)    -2.164279925248008    -2.2001809861922625    -2.3141330836417366    -2.1663795216395307
0.9677106263678621    -2.1663874486347607    -2.0985459369977173    -2.1663874486347607    (-2.139173112159016-0.01728743472996719j)    -2.1702421858106686    -2.2290007589648346    -2.199068042031337    -2.1663795216395307
0.9677106263678621    -2.1663874486347607    -2.0985459369977173    -2.1663874486347607    (-2.212631663838409+0.06387372082256652j)    -2.1600666451764483    -2.180120610882495    -2.2366677653101643    -2.1663795216395307
0.9677106263678621    -2.1663874486347607    -2.0985459369977173    -2.1663874486347607    (-2.1626993930198752-0.006655570228850652j)    -2.1790391293300493    -2.1822935825407286    -2.151316485363437    -2.1663795216395307
0.9677106263678621    -2.1663874486347607    -2.0985459369977173    -2.1663874486347607    (-2.146744208819615+0.036769760212001054j)    -2.177177706016212    -2.133953633941111    -2.2588795663388472    -2.1663795216395307
0.9677106263678621    -2.1663874486347607    -2.0985459369977173    -2.1663874486347607    (-2.1393393847526205-0.006720771874101426j)    -2.153828026986498    -2.2879597347522025    -2.129278942835001    -2.1663795216395307
0.9677106263678621    -2.1663874486347607    -2.0985459369977173    -2.1663874486347607    (-2.161068457768243+0.05291617836875338j)    -2.1315280710919007    -2.213571978452688    -2.232186351348312    -2.1663795216395307
0.9677106263678621    -2.1663874486347607    -2.0985459369977173    -2.1663874486347607    (-2.1940987764978024+0.0021607279525104723j)    -2.172613366420605    -2.170761794859321    -2.1832681677914865    -2.1663795216395307
0.9677106263678621    -2.1663874486347607    -2.0985459369977173    -2.1663874486347607    (-2.1629229579045997+0.0033601323481404883j)    -2.1941154475941973    -2.2332576356948155    -2.117105202081544    -2.1663795216395307
0.9677106263678621    -2.1663874486347607    -2.0985459369977173    -2.1663874486347607    (-2.1647751360727665+0.0069607274017746785j)    -2.1627701626315683    -2.2088734730573485    -2.1804985956228617    -2.1663795216395307
0.9677106263678621    -2.1663874486347607    -2.0985459369977173    -2.1663874486347607    (-2.173795741921753-0.020542852785885378j)    -2.165335547761676    -2.1569118405391663    -2.0485004843544696    -2.1663795216395307
0.9677106263678621    -2.1663874486347607    -2.0985459369977173    -2.1663874486347607    (-2.1460692078131105+0.042072314850113826j)    -2.179777230410811    -2.1693288197097553    -2.1722820571376382    -2.1663795216395307
0.9677106263678621    -2.1663874486347607    -2.0985459369977173    -2.1663874486347607    (-2.1590539371367994+0.046550223404742345j)    -2.165514826242459    -2.1795284690964234    -2.2856451242729405    -2.1663795216395307
0.9677106263678621    -2.1663874486347607    -2.0985459369977173    -2.1663874486347607    (-2.1549701952541995-0.011104078933327153j)    -2.186301863391321    -2.1652440481288515    -2.109038528456968    -2.1663795216395307
0.9677106263678621    -2.1663874486347607    -2.0985459369977173    -2.1663874486347607    (-2.1463627188536107-0.0041409939203786526j)    -2.1857093062974617    -2.1588608890269807    -2.2289226372186697    -2.1663795216395307
0.9677106263678621    -2.1663874486347607    -2.0985459369977173    -2.1663874486347607    (-2.1594006524947713-0.014190069020788032j)    -2.164042006822459    -2.1298076634815337    -2.163370973014724    -2.1663795216395307
0.9677106263678621    -2.1663874486347607    -2.0985459369977173    -2.1663874486347607    (-2.1583426586830408-0.03162148087530643j)    -2.1974688219489615    -2.1521716556479227    -2.140824026131076    -2.1663795216395307
0.9677106263678621    -2.1663874486347607    -2.0985459369977173    -2.1663874486347607    (-2.1728200425258954+0.008166881413144497j)    -2.1725144905040588    -2.164437075366525    -2.3501588740990464    -2.1663795216395307
0.9677106263678621    -2.1663874486347607    -2.0985459369977173    -2.1663874486347607    (-2.185757290906771+0.029505496375776843j)    -2.1764751679972165    -2.1692414556487734    -2.0785084418347988    -2.1663795216395307
0.9677106263678621    -2.1663874486347607    -2.0985459369977173    -2.1663874486347607    (-2.1435750021149267+0.03174985620571002j)    -2.174172740121492    -2.177357169185932    -2.1375785211285296    -2.1663795216395307
0.9677106263678621    -2.1663874486347607    -2.0985459369977173    -2.1663874486347607    (-2.1830332932390104+0.00012670354183214673j)    -2.156974401887873    -2.2301314328929696    -2.0833553109140275    -2.1663795216395307
0.9677106263678621    -2.1663874486347607    -2.0985459369977173    -2.1663874486347607    (-2.155982127170444+0.007623784919774384j)    -2.1646285403993137    -2.1838818893216847    -2.210568226783278    -2.1663795216395307
0.9677106263678621    -2.1663874486347607    -2.0985459369977173    -2.1663874486347607    (-2.1492981511987743+0.013047158753721842j)    -2.177337571648424    -2.0928344344207765    -2.184905340522751    -2.1663795216395307
0.9677106263678621    -2.1663874486347607    -2.0985459369977173    -2.1663874486347607    (-2.148442382289957-0.01181689035863176j)    -2.1621716136099693    -2.189802677961989    -2.198894307723741    -2.1663795216395307
0.9677106263678621    -2.1663874486347607    -2.0985459369977173    -2.1663874486347607    (-2.1793366874697218+0.01036276221148675j)    -2.1611572754864055    -2.191102721278689    -2.1643245421957897    -2.1663795216395307
0.9677106263678621    -2.1663874486347607    -2.0985459369977173    -2.1663874486347607    (-2.1674745809586504+0.014681041557839314j)    -2.1635530952198434    -2.1813787781257568    -2.1242810526457734    -2.1663795216395307
0.9677106263678621    -2.1663874486347607    -2.0985459369977173    -2.1663874486347607    (-2.146601223174486-0.0031395205680543993j)    -2.159562051734442    -2.1577596953338567    -2.2072312214024916    -2.1663795216395307
0.9677106263678621    -2.1663874486347607    -2.0985459369977173    -2.1663874486347607    (-2.1313382875464164-0.024045083096243477j)    -2.174168621438257    -2.2048085833635995    -2.1410539760379805    -2.1663795216395307
0.9677106263678621    -2.1663874486347607    -2.0985459369977173    -2.1663874486347607    (-2.1639629431509277+0.027640698119518112j)    -2.166591381160271    -2.1707088148611695    -2.1735226167444113    -2.1663795216395307
0.9677106263678621    -2.1663874486347607    -2.0985459369977173    -2.1663874486347607    (-2.175821849782532-0.03995112326501493j)    -2.1536150553941398    -2.198439552701176    -2.0370648755213145    -2.1663795216395307
0.9677106263678621    -2.1663874486347607    -2.0985459369977173    -2.1663874486347607    (-2.1626944268095+0.02526942131178899j)    -2.173541641312174    -2.2070539186095566    -2.0761582016997266    -2.1663795216395307
0.9677106263678621    -2.1663874486347607    -2.0985459369977173    -2.1663874486347607    (-2.1537887193487184+0.0054280713715661785j)    -2.15297360106576    -2.2143169096518913    -2.1791454977211835    -2.1663795216395307
0.9677106263678621    -2.1663874486347607    -2.0985459369977173    -2.1663874486347607    (-2.149025391098489-0.04184008840974263j)    -2.16495536085875    -2.219746401692916    -2.1186193436485175    -2.1663795216395307
0.9677106263678621    -2.1663874486347607    -2.0985459369977173    -2.1663874486347607    (-2.1561568110464417+0.0325735026407496j)    -2.176304046720428    -2.1669635959311053    -2.176574904231156    -2.1663795216395307
0.9677106263678621    -2.1663874486347607    -2.0985459369977173    -2.1663874486347607    (-2.174611720210249+0.007128084840158381j)    -2.163454212147398    -2.192019723916352    -2.1427901545197052    -2.1663795216395307
0.9677106263678621    -2.1663874486347607    -2.0985459369977173    -2.1663874486347607    (-2.1699218953889408+0.008292024355422962j)    -2.160589831708029    -2.163525101087944    -2.1345566260308084    -2.1663795216395307
0.9677106263678621    -2.1663874486347607    -2.0985459369977173    -2.1663874486347607    (-2.1419575081129394+0.014540884582876716j)    -2.146190647989729    -2.136154155661221    -2.2169599119127734    -2.1663795216395307
0.9677106263678621    -2.1663874486347607    -2.0985459369977173    -2.1663874486347607    (-2.172083932719585-0.005813991877855334j)    -2.166138686131498    -2.116213771995832    -2.2137278245295056    -2.1663795216395307
0.9677106263678621    -2.1663874486347607    -2.0985459369977173    -2.1663874486347607    (-2.1619854818298467-0.029942517203557083j)    -2.1465054944434323    -2.2250714775523948    -2.1740412154354316    -2.1663795216395307
0.9677106263678621    -2.1663874486347607    -2.0985459369977173    -2.1663874486347607    (-2.172501107302093-0.0039749696947162915j)    -2.1680141167385476    -2.120363919911367    -2.11423435510138    -2.1663795216395307
0.9677106263678621    -2.1663874486347607    -2.0985459369977173    -2.1663874486347607    (-2.151645521024814+0.019189480081974287j)    -2.154002455067547    -2.155461199800147    -2.1842592074460376    -2.1663795216395307
0.9677106263678621    -2.1663874486347607    -2.0985459369977173    -2.1663874486347607    (-2.1867836878147937+0.033432367125794546j)    -2.156480097682122    -2.211503988504929    -2.219620967223799    -2.1663795216395307
0.9677106263678621    -2.1663874486347607    -2.0985459369977173    -2.1663874486347607    (-2.1574523174958404-0.038598888061439435j)    -2.1488514930167666    -2.193165541612457    -2.1004257949661405    -2.1663795216395307
0.9677106263678621    -2.1663874486347607    -2.0985459369977173    -2.1663874486347607    (-2.1501981504546297+0.047856318059170205j)    -2.1639971149500905    -2.1794372401049475    -2.1727087628921073    -2.1663795216395307
0.9677106263678621    -2.1663874486347607    -2.0985459369977173    -2.1663874486347607    (-2.1450573841113467+0.003703625051599768j)    -2.165288867085143    -2.110837482750409    -2.0682179786660235    -2.1663795216395307
0.9677106263678621    -2.1663874486347607    -2.0985459369977173    -2.1663874486347607    (-2.1808889502061404-0.018920393644673402j)    -2.1858032230361992    -2.2218151446055185    -2.1039372049166114    -2.1663795216395307
0.9677106263678621    -2.1663874486347607    -2.0985459369977173    -2.1663874486347607    (-2.1894132136949445-0.007755131887929658j)    -2.1730921169082382    -2.197175881253836    -2.1172792928966726    -2.1663795216395307
0.9677106263678621    -2.1663874486347607    -2.0985459369977173    -2.1663874486347607    (-2.130102287791703-0.015964677273501475j)    -2.1830876181488494    -2.253036305053108    -2.14256829437118    -2.1663795216395307
0.9677106263678621    -2.1663874486347607    -2.0985459369977173    -2.1663874486347607    (-2.1529204044098553-0.03224755154480642j)    -2.16096275635437    -2.1704220702888843    -2.2377916806615508    -2.1663795216395307
0.9677106263678621    -2.1663874486347607    -2.0985459369977173    -2.1663874486347607    (-2.191638823536744+0.029356606295893876j)    -2.166716057904057    -2.175450183974941    -2.230548235566688    -2.1663795216395307
0.9677106263678621    -2.1663874486347607    -2.0985459369977173    -2.1663874486347607    (-2.171980342551487+0.019562639123361127j)    -2.1982332521723382    -2.24771729607668    -2.1964740559273834    -2.1663795216395307
0.9677106263678621    -2.1663874486347607    -2.0985459369977173    -2.1663874486347607    (-2.1419980387534325-0.03038267328852347j)    -2.1837869980542073    -2.167082843290963    -2.245963223365149    -2.1663795216395307
0.9677106263678621    -2.1663874486347607    -2.0985459369977173    -2.1663874486347607    (-2.1355534359375405+0.057030851968635186j)    -2.1561243269397212    -2.133695370510681    -2.1525550128806366    -2.1663795216395307
0.9677106263678621    -2.1663874486347607    -2.0985459369977173    -2.1663874486347607    (-2.1771896307948797-0.07187960872685722j)    -2.1464639747065095    -2.1775990716976676    -2.1135324762577286    -2.1663795216395307
0.9677106263678621    -2.1663874486347607    -2.0985459369977173    -2.1663874486347607    (-2.1688701905900647+0.010774866035384542j)    -2.183240998112265    -2.1448444492877985    -2.2149963764543563    -2.1663795216395307
0.9677106263678621    -2.1663874486347607    -2.0985459369977173    -2.1663874486347607    (-2.1486138534592327-0.018243054045073183j)    -2.171118704045133    -2.225010695998601    -2.192461353085878    -2.1663795216395307
0.9677106263678621    -2.1663874486347607    -2.0985459369977173    -2.1663874486347607    (-2.1490699724201616+0.008276353731931247j)    -2.1638732520379946    -2.1660291261776927    -2.1760358426215274    -2.1663795216395307
0.9677106263678621    -2.1663874486347607    -2.0985459369977173    -2.1663874486347607    (-2.1801953128229847+0.03253781474382082j)    -2.154681922375015    -2.1213209153882286    -2.217126421127503    -2.1663795216395307
0.9677106263678621    -2.1663874486347607    -2.0985459369977173    -2.1663874486347607    (-2.1549890985508346+0.029183396083261273j)    -2.1483848181110066    -2.145904831429794    -2.1989051406652282    -2.1663795216395307
0.9677106263678621    -2.1663874486347607    -2.0985459369977173    -2.1663874486347607    (-2.1432213235608595+0.0326490975189107j)    -2.206118792600762    -2.1866675067081918    -2.229326084396801    -2.1663795216395307
0.9677106263678621    -2.1663874486347607    -2.0985459369977173    -2.1663874486347607    (-2.1552446828439793+0.00036357083376295783j)    -2.172283555119399    -2.1850555294011182    -2.1574651227746005    -2.1663795216395307
0.9677106263678621    -2.1663874486347607    -2.0985459369977173    -2.1663874486347607    (-2.154880800117575+0.0003829716468463253j)    -2.1719368208052985    -2.1539327602948317    -2.2214994301639845    -2.1663795216395307
0.9677106263678621    -2.1663874486347607    -2.0985459369977173    -2.1663874486347607    (-2.1617099041582297+0.023852810415893048j)    -2.166815047502581    -2.1926064817984563    -2.266284404665707    -2.1663795216395307
0.9677106263678621    -2.1663874486347607    -2.0985459369977173    -2.1663874486347607    (-2.17680000741947+0.019087015895470204j)    -2.1450142010777666    -2.1644548285193412    -2.0329570239834296    -2.1663795216395307
0.9677106263678621    -2.1663874486347607    -2.0985459369977173    -2.1663874486347607    (-2.162885333762446+0.03436026754624605j)    -2.177933013968059    -2.13823407507158    -2.132479508901659    -2.1663795216395307
0.9677106263678621    -2.1663874486347607    -2.0985459369977173    -2.1663874486347607    (-2.120490786865453+0.0059198456384780265j)    -2.149808666898144    -2.1483832300181813    -2.2499923327716727    -2.1663795216395307
0.9677106263678621    -2.1663874486347607    -2.0985459369977173    -2.1663874486347607    (-2.1512026613244677-0.004535693493892758j)    -2.1698985727199402    -2.2153482893755037    -2.065268742435757    -2.1663795216395307
0.9677106263678621    -2.1663874486347607    -2.0985459369977173    -2.1663874486347607    (-2.142522760011873-0.007113892121354626j)    -2.1993918077978845    -2.135537148565273    -2.07165717050008    -2.1663795216395307
0.9677106263678621    -2.1663874486347607    -2.0985459369977173    -2.1663874486347607    (-2.1730170991682596-0.012748888727204285j)    -2.1744270445089464    -2.115996320696753    -2.2015663120559905    -2.1663795216395307
0.9677106263678621    -2.1663874486347607    -2.0985459369977173    -2.1663874486347607    (-2.1721934184694183-0.010268830263579588j)    -2.1595600892360722    -2.171402351965929    -2.196434962674057    -2.1663795216395307
0.9677106263678621    -2.1663874486347607    -2.0985459369977173    -2.1663874486347607    (-2.1739897543609943-0.022021470643369755j)    -2.1816164317809843    -2.0961094964483964    -2.164590584808516    -2.1663795216395307
0.9677106263678621    -2.1663874486347607    -2.0985459369977173    -2.1663874486347607    (-2.161300824048576+0.03085441566601283j)    -2.1403700155342786    -2.1469045381162664    -2.1881403880809636    -2.1663795216395307
0.9677106263678621    -2.1663874486347607    -2.0985459369977173    -2.1663874486347607    (-2.121795317132965-0.02603478906177724j)    -2.177567316221625    -2.2097977906065123    -2.276368619640352    -2.1663795216395307
0.9677106263678621    -2.1663874486347607    -2.0985459369977173    -2.1663874486347607    (-2.143198776258091-0.006774378432133305j)    -2.1728853222440048    -2.2132200039210193    -2.199518760213717    -2.1663795216395307
0.9677106263678621    -2.1663874486347607    -2.0985459369977173    -2.1663874486347607    (-2.219061435382384+0.032111406742537846j)    -2.1618170156829826    -2.166191931367683    -2.1712410582005064    -2.1663795216395307
0.9677106263678621    -2.1663874486347607    -2.0985459369977173    -2.1663874486347607    (-2.1655397298795807-0.042762119924971344j)    -2.1681950605975144    -2.203759840677953    -2.1585959990869488    -2.1663795216395307
0.9677106263678621    -2.1663874486347607    -2.0985459369977173    -2.1663874486347607    (-2.1524204604420456-0.02814061436491728j)    -2.1965071175572657    -2.2556188994734594    -2.0764554786219156    -2.1663795216395307
0.9677106263678621    -2.1663874486347607    -2.0985459369977173    -2.1663874486347607    (-2.180982687060837+0.03019588469621802j)    -2.1770579856250745    -2.181009349531803    -2.3104801835629827    -2.1663795216395307
0.9677106263678621    -2.1663874486347607    -2.0985459369977173    -2.1663874486347607    (-2.164231796799529-0.042390778828398715j)    -2.1459816354854224    -2.182140380327448    -2.1289788175902213    -2.1663795216395307
0.9677106263678621    -2.1663874486347607    -2.0985459369977173    -2.1663874486347607    (-2.1508540937410245+0.07008183348645594j)    -2.185672768079554    -2.1714783650386127    -2.1797204796587764    -2.1663795216395307
0.9677106263678621    -2.1663874486347607    -2.0985459369977173    -2.1663874486347607    (-2.168792304167355-0.027519759744865195j)    -2.1456108649850636    -2.1939432121259137    -2.19889578041731    -2.1663795216395307
0.9677106263678621    -2.1663874486347607    -2.0985459369977173    -2.1663874486347607    (-2.144544309052942-0.031863217000688435j)    -2.1472143125153154    -2.1500429238187597    -2.1227572046691954    -2.1663795216395307
0.9677106263678621    -2.1663874486347607    -2.0985459369977173    -2.1663874486347607    (-2.190774689858561+0.011889725168597468j)    -2.166652832472552    -2.1876035088923294    -2.2848288023449235    -2.1663795216395307
0.9677106263678621    -2.1663874486347607    -2.0985459369977173    -2.1663874486347607    (-2.176230070398655+0.014992734154505966j)    -2.174810809267625    -2.2404500814077353    -2.2314718672706833    -2.1663795216395307
0.9677106263678621    -2.1663874486347607    -2.0985459369977173    -2.1663874486347607    (-2.1645597685566678-0.010583918073140729j)    -2.1704714568247394    -2.2001052025004757    -2.2032186730089207    -2.1663795216395307
0.9677106263678621    -2.1663874486347607    -2.0985459369977173    -2.1663874486347607    (-2.1417023281746226-0.006539728475747425j)    -2.166955385707951    -2.199776057901186    -2.153632008825109    -2.1663795216395307
0.9677106263678621    -2.1663874486347607    -2.0985459369977173    -2.1663874486347607    (-2.1512071031731903+0.06946154650975843j)    -2.1880717295492538    -2.130555962364495    -2.2624887499685755    -2.1663795216395307
0.9677106263678621    -2.1663874486347607    -2.0985459369977173    -2.1663874486347607    (-2.1634174507145905-0.00024233394741434542j)    -2.1545213773817937    -2.204921222614385    -2.206721483896914    -2.1663795216395307
0.9677106263678621    -2.1663874486347607    -2.0985459369977173    -2.1663874486347607    (-2.1614000827854962-0.00883400340404554j)    -2.1505672479397684    -2.0785637969798367    -2.1456571021478315    -2.1663795216395307
0.9677106263678621    -2.1663874486347607    -2.0985459369977173    -2.1663874486347607    (-2.2025542464376078-0.02898326365361466j)    -2.16805393610323    -2.160719108640657    -2.1716703712175347    -2.1663795216395307
0.9677106263678621    -2.1663874486347607    -2.0985459369977173    -2.1663874486347607    (-2.1499740874265014+0.017585943423322144j)    -2.176112509225016    -2.1696352624168176    -2.2964451890884265    -2.1663795216395307
0.9677106263678621    -2.1663874486347607    -2.0985459369977173    -2.1663874486347607    (-2.134845940800362-0.01512549829878905j)    -2.1633838932464116    -2.2102732958260236    -2.0932834311144264    -2.1663795216395307
