c0    e_fci    e_hf    ansatz_energy    HF+CS    HF+meas_diag    pauli_all    pauli_qbw    CCSD
0.9706309554407567    -4.167414047313988    -4.081581172672301    -4.167414047313988    (-4.207634373686822-0.002358133852209641j)    -4.334229547294228    -4.379903275840745    -4.23112849306955    -4.166829401065023
0.9706309554407567    -4.167414047313988    -4.081581172672301    -4.167414047313988    (-4.190566559025832+0.06492485109271379j)    -4.126952000057622    -4.301827903904068    -3.989366631777977    -4.166829401065023
0.9706309554407567    -4.167414047313988    -4.081581172672301    -4.167414047313988    (-4.151192448738293-0.06385639517463802j)    -4.0734794495534405    -4.289371420125987    -4.214060021872597    -4.166829401065023
0.9706309554407567    -4.167414047313988    -4.081581172672301    -4.167414047313988    (-4.129420371295925-0.013902838096600267j)    -4.201986035123313    -4.437769734802867    -3.2680494469432078    -4.166829401065023
0.9706309554407567    -4.167414047313988    -4.081581172672301    -4.167414047313988    (-4.123505229193577-0.05262937694305978j)    -4.122616799595392    -4.066559817371478    -4.657186720366276    -4.166829401065023
0.9706309554407567    -4.167414047313988    -4.081581172672301    -4.167414047313988    (-4.168861815366456-0.09942291652089232j)    -4.152763766075761    -3.9345394904253643    -4.796453537996635    -4.166829401065023
0.9706309554407567    -4.167414047313988    -4.081581172672301    -4.167414047313988    (-4.193211377043458-0.036802614560363656j)    -4.060348738882551    -4.130113361064834    -3.8395629174587356    -4.166829401065023
0.9706309554407567    -4.167414047313988    -4.081581172672301    -4.167414047313988    (-4.143473691400023+0.03692368497410125j)    -4.15160204052851    -4.0343930550961415    -4.476000766170532    -4.166829401065023
0.9706309554407567    -4.167414047313988    -4.081581172672301    -4.167414047313988    (-4.151618830265018+0.00640557070721219j)    -4.310432819101887    -4.286998226376565    -4.121069610422661    -4.166829401065023
0.9706309554407567    -4.167414047313988    -4.081581172672301    -4.167414047313988    (-4.1187105140907025+0.005346865950157274j)    -4.218378637038891    -4.528144366160572    -4.559467658989233    -4.166829401065023
0.9706309554407567    -4.167414047313988    -4.081581172672301    -4.167414047313988    (-4.157867171028634-0.05236284379060348j)    -4.1152476075206765    -4.234549571250296    -4.582754989051828    -4.166829401065023
0.9706309554407567    -4.167414047313988    -4.081581172672301    -4.167414047313988    (-4.185229004221926+0.02543807158276122j)    -4.1220939916090655    -4.568501477455881    -5.129776935978714    -4.166829401065023
0.9706309554407567    -4.167414047313988    -4.081581172672301    -4.167414047313988    (-4.199853000505281-0.025590724701265423j)    -4.286616852892468    -4.181938241673033    -2.7748139429617353    -4.166829401065023
0.9706309554407567    -4.167414047313988    -4.081581172672301    -4.167414047313988    (-4.177476310013561-0.0067123635596467975j)    -4.228870818093559    -4.081880373846425    -4.299090272282953    -4.166829401065023
0.9706309554407567    -4.167414047313988    -4.081581172672301    -4.167414047313988    (-4.212897158325154-0.04175808835419756j)    -4.256792902748652    -4.3246831611964405    -4.186385926529616    -4.166829401065023
0.9706309554407567    -4.167414047313988    -4.081581172672301    -4.167414047313988    (-4.165852605107603+0.04656288475601233j)    -4.312381822376378    -3.8685494606626913    -4.434464848839273    -4.166829401065023
0.9706309554407567    -4.167414047313988    -4.081581172672301    -4.167414047313988    (-4.16459686884161-0.03392369207904416j)    -4.269861829069495    -4.164830878309905    -4.2039602686619615    -4.166829401065023
0.9706309554407567    -4.167414047313988    -4.081581172672301    -4.167414047313988    (-4.173682825484567-0.0286889501695831j)    -4.104232569203809    -4.277424083637611    -4.430145721253885    -4.166829401065023
0.9706309554407567    -4.167414047313988    -4.081581172672301    -4.167414047313988    (-4.22133761897859+0.04747622444143263j)    -4.028242469209682    -4.324805859862439    -5.005862735523492    -4.166829401065023
0.9706309554407567    -4.167414047313988    -4.081581172672301    -4.167414047313988    (-4.146861054159231+0.010533524092591789j)    -4.188586109801385    -3.871068538191029    -4.270559795547487    -4.166829401065023
0.9706309554407567    -4.167414047313988    -4.081581172672301    -4.167414047313988    (-4.1264542744262895+0.13632642739227105j)    -4.006163909758894    -3.8299451716027018    -3.890542380690161    -4.166829401065023
0.9706309554407567    -4.167414047313988    -4.081581172672301    -4.167414047313988    (-4.175350832358855+0.0675070553792548j)    -4.0536261687455095    -4.476274691646146    -4.295628949150773    -4.166829401065023
0.9706309554407567    -4.167414047313988    -4.081581172672301    -4.167414047313988    (-4.196445130978968-0.03283922343549114j)    -4.044762297904032    -3.8120728633526433    -5.392607172409244    -4.166829401065023
0.9706309554407567    -4.167414047313988    -4.081581172672301    -4.167414047313988    (-4.175904515687692+0.04175970868427669j)    -4.143308551012419    -3.6495245490813506    -5.5123615285796745    -4.166829401065023
0.9706309554407567    -4.167414047313988    -4.081581172672301    -4.167414047313988    (-4.198742836059389-0.03746314937626514j)    -4.113934520363588    -3.8849493829058663    -4.9911417818917325    -4.166829401065023
0.9706309554407567    -4.167414047313988    -4.081581172672301    -4.167414047313988    (-4.143328435294775+0.03528849134383024j)    -4.051680642276155    -3.9927805381276236    -4.558411109527583    -4.166829401065023
0.9706309554407567    -4.167414047313988    -4.081581172672301    -4.167414047313988    (-4.22255932548445+0.00048609575383449773j)    -4.08722254069788    -4.29018545083087    -4.484295293365637    -4.166829401065023
0.9706309554407567    -4.167414047313988    -4.081581172672301    -4.167414047313988    (-4.1422065558814065+0.00337971673642731j)    -4.300078635899362    -4.107840731184094    -5.0509112248822525    -4.166829401065023
0.9706309554407567    -4.167414047313988    -4.081581172672301    -4.167414047313988    (-4.143293101805403-0.02689837559795519j)    -4.215885881834188    -3.9130331854758578    -3.401635406075033    -4.166829401065023
0.9706309554407567    -4.167414047313988    -4.081581172672301    -4.167414047313988    (-4.167166093049633+0.07244542175790851j)    -4.137651988998845    -4.337124148809268    -3.5365422488846208    -4.166829401065023
0.9706309554407567    -4.167414047313988    -4.081581172672301    -4.167414047313988    (-4.128158046129147+0.09276790975505861j)    -4.133972083278437    -4.5563654922795145    -3.795549097621995    -4.166829401065023
0.9706309554407567    -4.167414047313988    -4.081581172672301    -4.167414047313988    (-4.182235204241352-0.008738573811438912j)    -4.345290789829812    -4.1243997479221655    -4.380826268020769    -4.166829401065023
0.9706309554407567    -4.167414047313988    -4.081581172672301    -4.167414047313988    (-4.1429171725888505+0.04031754926009591j)    -4.239542096004661    -4.320919878101048    -4.48045758522235    -4.166829401065023
0.9706309554407567    -4.167414047313988    -4.081581172672301    -4.167414047313988    (-4.188184235211596-0.003334608948354034j)    -4.033650340119869    -3.968033576712144    -3.7363306691683187    -4.166829401065023
0.9706309554407567    -4.167414047313988    -4.081581172672301    -4.167414047313988    (-4.173173309061754-0.004344681743149927j)    -4.19735969188713    -4.137445454348213    -3.359526975547026    -4.166829401065023
0.9706309554407567    -4.167414047313988    -4.081581172672301    -4.167414047313988    (-4.216349212483146-0.018495751930413168j)    -4.307473025896975    -4.5602540185123175    -2.639964053847931    -4.166829401065023
0.9706309554407567    -4.167414047313988    -4.081581172672301    -4.167414047313988    (-4.1444680992521645+0.02641599546246841j)    -3.92298232521375    -3.9616203723676007    -3.778855514729816    -4.166829401065023
0.9706309554407567    -4.167414047313988    -4.081581172672301    -4.167414047313988    (-4.149586111280752+0.028163611725508127j)    -4.218586462127    -4.280384871254101    -1.71167061947747    -4.166829401065023
0.9706309554407567    -4.167414047313988    -4.081581172672301    -4.167414047313988    (-4.153182003777753-0.01292040919298891j)    -4.239712506209558    -4.7072438609572735    -4.317233582588691    -4.166829401065023
0.9706309554407567    -4.167414047313988    -4.081581172672301    -4.167414047313988    (-4.1464105783898075-0.10115477692946558j)    -4.111278937553212    -4.107597698036508    -4.646385152546559    -4.166829401065023
0.9706309554407567    -4.167414047313988    -4.081581172672301    -4.167414047313988    (-4.1093281313114725-0.02066877720181279j)    -4.132867170819206    -4.059315401499968    -4.403167832815833    -4.166829401065023
0.9706309554407567    -4.167414047313988    -4.081581172672301    -4.167414047313988    (-4.212567008770228-0.0629760878954889j)    -4.3627526280679465    -4.253509391634762    -4.325954404907598    -4.166829401065023
0.9706309554407567    -4.167414047313988    -4.081581172672301    -4.167414047313988    (-4.120429980126718+0.08842868751002533j)    -4.186239936493766    -4.40157439947041    -3.3804212834681437    -4.166829401065023
0.9706309554407567    -4.167414047313988    -4.081581172672301    -4.167414047313988    (-4.196678693017847+0.0032107963618991818j)    -4.282594318137671    -4.213573605218444    -2.501435335011586    -4.166829401065023
0.9706309554407567    -4.167414047313988    -4.081581172672301    -4.167414047313988    (-4.157836682086005-0.02256813319514684j)    -4.145139824231448    -4.368889124545972    -3.4672292589266243    -4.166829401065023
0.9706309554407567    -4.167414047313988    -4.081581172672301    -4.167414047313988    (-4.181964408661977-0.07353481615477654j)    -4.196262750876227    -3.924059059286411    -3.492804819382038    -4.166829401065023
0.9706309554407567    -4.167414047313988    -4.081581172672301    -4.167414047313988    (-4.186022943727572+0.019054473653221975j)    -4.0599693871629    -4.090055161833222    -4.125702803699839    -4.166829401065023
0.9706309554407567    -4.167414047313988    -4.081581172672301    -4.167414047313988    (-4.1892756963040405+0.06230718525732142j)    -4.233913542091371    -4.341098218373105    -4.033651878445756    -4.166829401065023
0.9706309554407567    -4.167414047313988    -4.081581172672301    -4.167414047313988    (-4.176940238817961-0.04135460519476908j)    -3.9798718008539398    -4.511502208141756    -3.2318349693612074    -4.166829401065023
0.9706309554407567    -4.167414047313988    -4.081581172672301    -4.167414047313988    (-4.1990798539192475-0.011961604589872646j)    -4.166115385536079    -4.110414573497934    -4.678019374019582    -4.166829401065023
0.9706309554407567    -4.167414047313988    -4.081581172672301    -4.167414047313988    (-4.12840157737375+0.04610178750605947j)    -4.092117692080867    -4.255497590475476    -5.652200588480714    -4.166829401065023
0.9706309554407567    -4.167414047313988    -4.081581172672301    -4.167414047313988    (-4.182671526300294-0.041282953323891966j)    -3.9771557774913906    -4.164921592942721    -5.489361907946827    -4.166829401065023
0.9706309554407567    -4.167414047313988    -4.081581172672301    -4.167414047313988    (-4.193388382696581-0.006880291637324471j)    -4.1508385191528765    -4.710399058364652    -4.250786464870821    -4.166829401065023
0.9706309554407567    -4.167414047313988    -4.081581172672301    -4.167414047313988    (-4.20398373453064+0.003206026951680925j)    -4.165424029424507    -4.097618498680043    -4.581623270155443    -4.166829401065023
0.9706309554407567    -4.167414047313988    -4.081581172672301    -4.167414047313988    (-4.123449798264483+0.05202783657584739j)    -4.153465628006531    -4.108416198916517    -4.605341243495848    -4.166829401065023
0.9706309554407567    -4.167414047313988    -4.081581172672301    -4.167414047313988    (-4.12161994611961-0.039778083765473295j)    -4.199631209188566    -4.316946371489384    -4.277737427624549    -4.166829401065023
0.9706309554407567    -4.167414047313988    -4.081581172672301    -4.167414047313988    (-4.203316565676368+0.031559212163963915j)    -4.065680039106798    -3.9413847947351526    -3.0990249610619682    -4.166829401065023
0.9706309554407567    -4.167414047313988    -4.081581172672301    -4.167414047313988    (-4.140773438950594-0.000520839894334091j)    -4.1942909168454925    -4.164952235321413    -4.052764743159034    -4.166829401065023
0.9706309554407567    -4.167414047313988    -4.081581172672301    -4.167414047313988    (-4.216226361809799+7.671595698959442e-05j)    -4.262987549405818    -4.119946252699378    -2.9778336193558324    -4.166829401065023
0.9706309554407567    -4.167414047313988    -4.081581172672301    -4.167414047313988    (-4.116769338823324+0.030909736689226065j)    -4.1935985221072745    -4.372322350300584    -3.4442204806799195    -4.166829401065023
0.9706309554407567    -4.167414047313988    -4.081581172672301    -4.167414047313988    (-4.243877986314598-0.0350189297817539j)    -4.253531177229692    -4.074861270383822    -4.296376844482456    -4.166829401065023
0.9706309554407567    -4.167414047313988    -4.081581172672301    -4.167414047313988    (-4.173108760856935-0.019950588537726566j)    -4.340477242010348    -4.247846538080718    -4.757592236526874    -4.166829401065023
0.9706309554407567    -4.167414047313988    -4.081581172672301    -4.167414047313988    (-4.165687927018745-0.024211273968730167j)    -4.0944115688183516    -4.082355968400935    -3.2808599396861027    -4.166829401065023
0.9706309554407567    -4.167414047313988    -4.081581172672301    -4.167414047313988    (-4.174241307569187+0.02531564422443683j)    -4.232604847553177    -4.046649517727007    -4.971010543655302    -4.166829401065023
0.9706309554407567    -4.167414047313988    -4.081581172672301    -4.167414047313988    (-4.181024437122922-0.0425524313371377j)    -4.144394656999274    -4.164634719159764    -4.511797316253501    -4.166829401065023
0.9706309554407567    -4.167414047313988    -4.081581172672301    -4.167414047313988    (-4.212110445454667-0.12010549870973579j)    -4.223973507918531    -4.0352337972813155    -4.664379623245872    -4.166829401065023
0.9706309554407567    -4.167414047313988    -4.081581172672301    -4.167414047313988    (-4.210538240952513-0.014826319715351845j)    -4.222157964461576    -4.415082226077488    -3.6296435284171222    -4.166829401065023
0.9706309554407567    -4.167414047313988    -4.081581172672301    -4.167414047313988    (-4.161280526382985-0.03382174360504207j)    -4.239737830168384    -4.527110927144619    -4.102936579779973    -4.166829401065023
0.9706309554407567    -4.167414047313988    -4.081581172672301    -4.167414047313988    (-4.147512802657967+0.021425674100670693j)    -4.007013316464035    -4.109637979874274    -4.369427400788895    -4.166829401065023
0.9706309554407567    -4.167414047313988    -4.081581172672301    -4.167414047313988    (-4.2152043530070555-0.011867595359815257j)    -4.192700617381892    -4.090011632285209    -4.568290713453948    -4.166829401065023
0.9706309554407567    -4.167414047313988    -4.081581172672301    -4.167414047313988    (-4.208107225815898+0.02426033860657427j)    -4.217145788961815    -4.128140507602164    -3.6872779730801    -4.166829401065023
0.9706309554407567    -4.167414047313988    -4.081581172672301    -4.167414047313988    (-4.212387115871245+0.01200292314474399j)    -4.178385209280198    -4.2045840631939635    -3.341193153564323    -4.166829401065023
0.9706309554407567    -4.167414047313988    -4.081581172672301    -4.167414047313988    (-4.135335743014285-0.00876266121353197j)    -4.060873550310006    -4.387413488319393    -4.7126723964941775    -4.166829401065023
0.9706309554407567    -4.167414047313988    -4.081581172672301    -4.167414047313988    (-4.158478324983913+0.00812626087921283j)    -4.2002371949186195    -4.592102521564497    -3.7930393637811464    -4.166829401065023
0.9706309554407567    -4.167414047313988    -4.081581172672301    -4.167414047313988    (-4.139494554771455+0.07826268566881084j)    -4.30438380903553    -4.221664330201929    -3.2242534018316418    -4.166829401065023
0.9706309554407567    -4.167414047313988    -4.081581172672301    -4.167414047313988    (-4.194273453024076-0.001240732827609781j)    -4.14292813954067    -4.217501256233355    -3.807605310761694    -4.166829401065023
0.9706309554407567    -4.167414047313988    -4.081581172672301    -4.167414047313988    (-4.1629487869716435+0.009007479677826584j)    -4.24615175904619    -4.167848581954207    -3.4339511770734115    -4.166829401065023
0.9706309554407567    -4.167414047313988    -4.081581172672301    -4.167414047313988    (-4.156333603064299+0.013503262640222684j)    -4.163435083959727    -4.465063317485836    -4.871846004876561    -4.166829401065023
0.9706309554407567    -4.167414047313988    -4.081581172672301    -4.167414047313988    (-4.125691901890763-0.1089637126422031j)    -4.205542417077004    -4.217569743241068    -4.554110022212752    -4.166829401065023
0.9706309554407567    -4.167414047313988    -4.081581172672301    -4.167414047313988    (-4.158304631873873+0.014458148931590325j)    -4.410581611993983    -4.218289309375709    -3.754930447826    -4.166829401065023
0.9706309554407567    -4.167414047313988    -4.081581172672301    -4.167414047313988    (-4.175141783113974-0.007589030554369179j)    -4.121276105042344    -3.9121964123748527    -4.2431525297695245    -4.166829401065023
0.9706309554407567    -4.167414047313988    -4.081581172672301    -4.167414047313988    (-4.166739513562167-0.013355258562555495j)    -4.218390120673427    -4.060024512055509    -4.105295124607174    -4.166829401065023
0.9706309554407567    -4.167414047313988    -4.081581172672301    -4.167414047313988    (-4.124526379437301+0.004918234951968809j)    -4.149420648159546    -4.193274366967728    -3.6624723050561645    -4.166829401065023
0.9706309554407567    -4.167414047313988    -4.081581172672301    -4.167414047313988    (-4.194969297125846-0.031364295463565006j)    -4.25557813673699    -4.197240024740187    -3.4162923324625787    -4.166829401065023
0.9706309554407567    -4.167414047313988    -4.081581172672301    -4.167414047313988    (-4.157652553819084+0.02823863167846434j)    -4.156046588871687    -4.329401813483621    -4.145594763350841    -4.166829401065023
0.9706309554407567    -4.167414047313988    -4.081581172672301    -4.167414047313988    (-4.1777109037509375-0.0013693148391216595j)    -4.116739350416989    -4.461396026601443    -5.158054961130047    -4.166829401065023
0.9706309554407567    -4.167414047313988    -4.081581172672301    -4.167414047313988    (-4.148595691959449-0.05376021402212385j)    -4.165354474807203    -4.330471655945371    -3.3473288478808567    -4.166829401065023
0.9706309554407567    -4.167414047313988    -4.081581172672301    -4.167414047313988    (-4.182275768339491-0.06668088490136631j)    -4.328691588753511    -3.829808423339351    -4.031394673020673    -4.166829401065023
0.9706309554407567    -4.167414047313988    -4.081581172672301    -4.167414047313988    (-4.127366419105405-0.05782045216801061j)    -4.190944425744689    -3.8788370941712746    -4.703597927167195    -4.166829401065023
0.9706309554407567    -4.167414047313988    -4.081581172672301    -4.167414047313988    (-4.258000214463438+0.08293469231217947j)    -4.012552403099211    -3.7845351818256163    -4.769827637421453    -4.166829401065023
0.9706309554407567    -4.167414047313988    -4.081581172672301    -4.167414047313988    (-4.171828842827004+0.04134893308280954j)    -4.319450744196751    -4.3376191130112405    -4.233565311108629    -4.166829401065023
0.9706309554407567    -4.167414047313988    -4.081581172672301    -4.167414047313988    (-4.096198143058191+0.050970851898021224j)    -4.200979849642564    -4.3530132591538155    -4.224893267108073    -4.166829401065023
0.9706309554407567    -4.167414047313988    -4.081581172672301    -4.167414047313988    (-4.217728348512951-0.07711274672964513j)    -4.148030150167074    -4.024946149568397    -4.283551871586753    -4.166829401065023
0.9706309554407567    -4.167414047313988    -4.081581172672301    -4.167414047313988    (-4.172384204930243-0.05802341772706828j)    -4.1661260514097025    -3.939848614679715    -4.936397772787746    -4.166829401065023
0.9706309554407567    -4.167414047313988    -4.081581172672301    -4.167414047313988    (-4.144829230441815-0.09922857575523492j)    -4.2141125606213    -4.3116899385356735    -4.848436473957934    -4.166829401065023
0.9706309554407567    -4.167414047313988    -4.081581172672301    -4.167414047313988    (-4.160362595433663+0.0607424495989604j)    -4.021738938122009    -3.8132707334703317    -4.240207758365792    -4.166829401065023
0.9706309554407567    -4.167414047313988    -4.081581172672301    -4.167414047313988    (-4.191657761984894-0.02543845519593445j)    -4.1345096228400475    -4.45017397865005    -4.669012370610842    -4.166829401065023
0.9706309554407567    -4.167414047313988    -4.081581172672301    -4.167414047313988    (-4.20351549829569+0.07673246999434112j)    -4.244247209112707    -4.244025132744711    -3.9585527007887666    -4.166829401065023
0.9706309554407567    -4.167414047313988    -4.081581172672301    -4.167414047313988    (-4.147832500115645+0.0031051240604514263j)    -4.117215557491777    -4.12570233764735    -4.2814607999192615    -4.166829401065023
0.9706309554407567    -4.167414047313988    -4.081581172672301    -4.167414047313988    (-4.121329096148046-0.016017654438947006j)    -4.161098705261609    -4.398645314220269    -4.65315610729166    -4.166829401065023
