c0    e_fci    e_hf    ansatz_energy    HF+CS    HF+meas_diag    pauli_all    pauli_qbw    CCSD
0.36928720956579225    -4.746236340119175    -3.954499940084739    -4.746236340119175    (-4.860279141023145-0.18421465224132935j)    -4.218930291793648    -4.764085932446949    5.103830202940715    -4.8541487522524855
0.36928720956579225    -4.746236340119175    -3.954499940084739    -4.746236340119175    (-4.435146947086938-0.08972361908152571j)    -4.322980944261176    -4.215815117925872    5.103830202940715    -4.8541487522524855
0.36928720956579225    -4.746236340119175    -3.954499940084739    -4.746236340119175    (-4.751166781075973+0.11985629158711127j)    -4.06886509391197    -5.0860161404877005    5.103830202940715    -4.8541487522524855
0.36928720956579225    -4.746236340119175    -3.954499940084739    -4.746236340119175    (-4.865642267155681-0.5709606221998997j)    -4.502482254198485    -4.599836897597807    5.103830202940715    -4.8541487522524855
0.36928720956579225    -4.746236340119175    -3.954499940084739    -4.746236340119175    (-4.694625304284623+0.11875321033708446j)    -4.396127729195884    -4.3794691285182985    5.103830202940715    -4.8541487522524855
0.36928720956579225    -4.746236340119175    -3.954499940084739    -4.746236340119175    (-4.6294533995999965-0.16315978010010151j)    -4.206266034463603    -4.702278985419123    5.103830202940715    -4.8541487522524855
0.36928720956579225    -4.746236340119175    -3.954499940084739    -4.746236340119175    (-4.532327978200465-0.1590040232360681j)    -4.444289111833758    -5.464061159251325    5.103830202940715    -4.8541487522524855
0.36928720956579225    -4.746236340119175    -3.954499940084739    -4.746236340119175    (-4.557967476173461-0.2298825884471078j)    -4.222254999175165    -4.36531760144145    5.103830202940715    -4.8541487522524855
0.36928720956579225    -4.746236340119175    -3.954499940084739    -4.746236340119175    (-4.7101814178211665+0.34459411634950404j)    -4.44669053400408    -4.880627593557925    5.103830202940715    -4.8541487522524855
0.36928720956579225    -4.746236340119175    -3.954499940084739    -4.746236340119175    (-4.626225895387472+0.3500030170059216j)    -4.1566328874734095    -4.603787407601198    5.103830202940715    -4.8541487522524855
0.36928720956579225    -4.746236340119175    -3.954499940084739    -4.746236340119175    (-4.666351509905738+0.008090401504852103j)    -4.058297362173008    -4.95221714370297    5.103830202940715    -4.8541487522524855
0.36928720956579225    -4.746236340119175    -3.954499940084739    -4.746236340119175    (-4.62553751934289-0.07800688788308306j)    -4.263140464661509    -5.178156782307353    5.103830202940715    -4.8541487522524855
0.36928720956579225    -4.746236340119175    -3.954499940084739    -4.746236340119175    (-4.752366497955354+0.046265657190850074j)    -4.367774025848683    -4.785980605837101    5.103830202940715    -4.8541487522524855
0.36928720956579225    -4.746236340119175    -3.954499940084739    -4.746236340119175    (-4.817608292349853-0.12284125986153314j)    -3.993584242836265    -4.86293765985234    5.103830202940715    -4.8541487522524855
0.36928720956579225    -4.746236340119175    -3.954499940084739    -4.746236340119175    (-4.735638941461624+0.2034635641650567j)    -4.06233770312843    -4.607993623493543    5.103830202940715    -4.8541487522524855
0.36928720956579225    -4.746236340119175    -3.954499940084739    -4.746236340119175    (-4.451847302807192-0.24176521854551616j)    -4.403995564478135    -4.877417087154079    5.103830202940715    -4.8541487522524855
0.36928720956579225    -4.746236340119175    -3.954499940084739    -4.746236340119175    (-4.987708304821066+0.10681076530953305j)    -4.179805920778676    -5.1437006885533725    5.103830202940715    -4.8541487522524855
0.36928720956579225    -4.746236340119175    -3.954499940084739    -4.746236340119175    (-4.568893464524677-0.07837339031246741j)    -4.1763534544875975    -4.311133320676179    5.103830202940715    -4.8541487522524855
0.36928720956579225    -4.746236340119175    -3.954499940084739    -4.746236340119175    (-4.689154134794771+0.326824768228638j)    -4.232394689426621    -4.721257172643168    5.103830202940715    -4.8541487522524855
0.36928720956579225    -4.746236340119175    -3.954499940084739    -4.746236340119175    (-4.630578213882739-0.3398913541661706j)    -4.506228187217324    -4.562041237331581    5.103830202940715    -4.8541487522524855
0.36928720956579225    -4.746236340119175    -3.954499940084739    -4.746236340119175    (-5.0114442027834105+0.1415811610693189j)    -4.081586540110269    -4.908573864789453    5.103830202940715    -4.8541487522524855
0.36928720956579225    -4.746236340119175    -3.954499940084739    -4.746236340119175    (-4.638639127691509+0.18329472916540235j)    -4.2117871001355    -4.748567980176178    5.103830202940715    -4.8541487522524855
0.36928720956579225    -4.746236340119175    -3.954499940084739    -4.746236340119175    (-4.452144557646414+0.15015367283197023j)    -4.2389160545171425    -4.456470828158346    5.103830202940715    -4.8541487522524855
0.36928720956579225    -4.746236340119175    -3.954499940084739    -4.746236340119175    (-4.676545810190995+0.3083871990246959j)    -4.279999379868052    -4.907220658602115    5.103830202940715    -4.8541487522524855
0.36928720956579225    -4.746236340119175    -3.954499940084739    -4.746236340119175    (-4.430083745656929+0.5242041951435779j)    -4.395147033033131    -4.677119117548553    5.103830202940715    -4.8541487522524855
0.36928720956579225    -4.746236340119175    -3.954499940084739    -4.746236340119175    (-4.820224605981168-0.19984258540389022j)    -4.1481644838981175    -4.768238869438214    5.103830202940715    -4.8541487522524855
0.36928720956579225    -4.746236340119175    -3.954499940084739    -4.746236340119175    (-4.742769925279266-0.03537309334910348j)    -4.345343441620477    -4.481581936648842    5.103830202940715    -4.8541487522524855
0.36928720956579225    -4.746236340119175    -3.954499940084739    -4.746236340119175    (-4.79026125256055-0.13500638111415447j)    -4.045695359089004    -5.027900339660374    5.103830202940715    -4.8541487522524855
0.36928720956579225    -4.746236340119175    -3.954499940084739    -4.746236340119175    (-4.872744259605838+0.16167976796826114j)    -4.21037771989188    -4.8926156217972006    5.103830202940715    -4.8541487522524855
0.36928720956579225    -4.746236340119175    -3.954499940084739    -4.746236340119175    (-4.585947749717825+0.04143917017602169j)    -4.50165249497624    -4.449678904341697    5.103830202940715    -4.8541487522524855
0.36928720956579225    -4.746236340119175    -3.954499940084739    -4.746236340119175    (-4.491603108927739-0.26993740682625045j)    -4.64140046081383    -4.704913272579126    5.103830202940715    -4.8541487522524855
0.36928720956579225    -4.746236340119175    -3.954499940084739    -4.746236340119175    (-4.981405934128446+0.022149887430702567j)    -4.465013628131887    -5.1169434066079    5.103830202940715    -4.8541487522524855
0.36928720956579225    -4.746236340119175    -3.954499940084739    -4.746236340119175    (-4.629668882110045+0.1952254103945268j)    -4.406523604566172    -4.627475240444276    5.103830202940715    -4.8541487522524855
0.36928720956579225    -4.746236340119175    -3.954499940084739    -4.746236340119175    (-4.811063259875829+0.00025816317763121654j)    -4.376476202357712    -4.725979599826867    5.103830202940715    -4.8541487522524855
0.36928720956579225    -4.746236340119175    -3.954499940084739    -4.746236340119175    (-4.8868933657648075+0.07145018359900844j)    -4.614778426970064    -4.864569383604373    5.103830202940715    -4.8541487522524855
0.36928720956579225    -4.746236340119175    -3.954499940084739    -4.746236340119175    (-5.006125622588824+0.2162683213176933j)    -4.4189081292785515    -4.670152301498068    5.103830202940715    -4.8541487522524855
0.36928720956579225    -4.746236340119175    -3.954499940084739    -4.746236340119175    (-4.729692515597652-0.4664790682023194j)    -4.4407925370085195    -4.437671744245077    5.103830202940715    -4.8541487522524855
0.36928720956579225    -4.746236340119175    -3.954499940084739    -4.746236340119175    (-4.764606603996064-0.07212080867273236j)    -4.095095781218492    -5.18398565410963    5.103830202940715    -4.8541487522524855
0.36928720956579225    -4.746236340119175    -3.954499940084739    -4.746236340119175    (-4.756359668587162-0.25652295275879317j)    -4.1836489633563705    -4.908516127919301    5.103830202940715    -4.8541487522524855
0.36928720956579225    -4.746236340119175    -3.954499940084739    -4.746236340119175    (-4.772256333850673-0.06805759955532283j)    -4.3604383009416665    -4.545373981161298    5.103830202940715    -4.8541487522524855
0.36928720956579225    -4.746236340119175    -3.954499940084739    -4.746236340119175    (-4.691493857628288-0.14203870582435352j)    -4.19188115275649    -4.998840738804035    5.103830202940715    -4.8541487522524855
0.36928720956579225    -4.746236340119175    -3.954499940084739    -4.746236340119175    (-5.014905496989492-0.6630668147436459j)    -4.194650488978015    -4.830102711167444    5.103830202940715    -4.8541487522524855
0.36928720956579225    -4.746236340119175    -3.954499940084739    -4.746236340119175    (-4.5321088881925204-0.10631918750679686j)    -4.27758264472593    -4.7991241095376385    5.103830202940715    -4.8541487522524855
0.36928720956579225    -4.746236340119175    -3.954499940084739    -4.746236340119175    (-4.580731567876404+0.2780023388623944j)    -4.188622182084993    -4.7648549403712686    5.103830202940715    -4.8541487522524855
0.36928720956579225    -4.746236340119175    -3.954499940084739    -4.746236340119175    (-4.632227759046463-0.14202012283802576j)    -4.184932285636142    -4.5403812048878995    5.103830202940715    -4.8541487522524855
0.36928720956579225    -4.746236340119175    -3.954499940084739    -4.746236340119175    (-4.611563138346184+0.10856920296863397j)    -4.595008103120739    -4.201735923936272    5.103830202940715    -4.8541487522524855
0.36928720956579225    -4.746236340119175    -3.954499940084739    -4.746236340119175    (-4.6380280140843-0.6462679068704161j)    -4.283158433886099    -5.4466839419763415    5.103830202940715    -4.8541487522524855
0.36928720956579225    -4.746236340119175    -3.954499940084739    -4.746236340119175    (-4.763896239227292-0.2709054792733313j)    -4.32496850922492    -4.944718582022987    5.103830202940715    -4.8541487522524855
0.36928720956579225    -4.746236340119175    -3.954499940084739    -4.746236340119175    (-4.371567420198149-0.11444946020228355j)    -4.163001692373823    -4.330063686224763    5.103830202940715    -4.8541487522524855
0.36928720956579225    -4.746236340119175    -3.954499940084739    -4.746236340119175    (-4.8717386784043795+0.08262486564124963j)    -4.142058754058621    -4.818730797459998    5.103830202940715    -4.8541487522524855
0.36928720956579225    -4.746236340119175    -3.954499940084739    -4.746236340119175    (-4.814735463435684+0.2381566357832748j)    -4.379610093924873    -5.091587523848917    5.103830202940715    -4.8541487522524855
0.36928720956579225    -4.746236340119175    -3.954499940084739    -4.746236340119175    (-4.808308077893242-0.25168835266599193j)    -4.25636427394951    -5.132425235417164    5.103830202940715    -4.8541487522524855
0.36928720956579225    -4.746236340119175    -3.954499940084739    -4.746236340119175    (-4.718434064851782-0.15065663013990488j)    -4.180324233145653    -4.7677864577546964    5.103830202940715    -4.8541487522524855
0.36928720956579225    -4.746236340119175    -3.954499940084739    -4.746236340119175    (-4.558192917368549+0.1161628224556941j)    -4.224941877587    -5.035383980492136    5.103830202940715    -4.8541487522524855
0.36928720956579225    -4.746236340119175    -3.954499940084739    -4.746236340119175    (-4.50379513521865+0.13359408677561657j)    -4.09899612465038    -4.738257550494414    5.103830202940715    -4.8541487522524855
0.36928720956579225    -4.746236340119175    -3.954499940084739    -4.746236340119175    (-4.698979194527246-0.23874384448527888j)    -4.402663603602113    -4.851285552202175    5.103830202940715    -4.8541487522524855
0.36928720956579225    -4.746236340119175    -3.954499940084739    -4.746236340119175    (-4.8104642119724215+0.30750625811425647j)    -4.115601738304277    -4.3839633059731105    5.103830202940715    -4.8541487522524855
0.36928720956579225    -4.746236340119175    -3.954499940084739    -4.746236340119175    (-4.8912602963853695-0.0931539567475533j)    -4.193868791084687    -4.815605421411262    5.103830202940715    -4.8541487522524855
0.36928720956579225    -4.746236340119175    -3.954499940084739    -4.746236340119175    (-4.742802376267717-0.12154511366161438j)    -3.9285423397565316    -4.454953946982263    5.103830202940715    -4.8541487522524855
0.36928720956579225    -4.746236340119175    -3.954499940084739    -4.746236340119175    (-4.739354619519492-0.28229112590140776j)    -4.451892495732302    -4.866443448190618    5.103830202940715    -4.8541487522524855
0.36928720956579225    -4.746236340119175    -3.954499940084739    -4.746236340119175    (-4.533118241797661+0.16992963932152053j)    -4.088599346626449    -4.679070073854654    5.103830202940715    -4.8541487522524855
0.36928720956579225    -4.746236340119175    -3.954499940084739    -4.746236340119175    (-4.493784133961317+0.16248274205815263j)    -4.2415384810812    -4.663146115701255    5.103830202940715    -4.8541487522524855
0.36928720956579225    -4.746236340119175    -3.954499940084739    -4.746236340119175    (-4.808572934413339-0.061859929082466056j)    -4.098742660358844    -4.488126264660032    5.103830202940715    -4.8541487522524855
0.36928720956579225    -4.746236340119175    -3.954499940084739    -4.746236340119175    (-4.686607331025615+0.10949000583404263j)    -4.794843336923412    -4.844960184464232    5.103830202940715    -4.8541487522524855
0.36928720956579225    -4.746236340119175    -3.954499940084739    -4.746236340119175    (-4.687111596922898+0.5188836271389429j)    -4.187360917676175    -5.187103679554147    5.103830202940715    -4.8541487522524855
0.36928720956579225    -4.746236340119175    -3.954499940084739    -4.746236340119175    (-4.585618357655723+0.30739269159778243j)    -4.363731231600147    -5.088525252535781    5.103830202940715    -4.8541487522524855
0.36928720956579225    -4.746236340119175    -3.954499940084739    -4.746236340119175    (-4.538037561088339-0.058224093390909414j)    -4.1404307025763245    -4.761178312144705    5.103830202940715    -4.8541487522524855
0.36928720956579225    -4.746236340119175    -3.954499940084739    -4.746236340119175    (-4.994402421928475-0.15800681648948836j)    -4.086792225901399    -4.287810657117964    5.103830202940715    -4.8541487522524855
0.36928720956579225    -4.746236340119175    -3.954499940084739    -4.746236340119175    (-4.76693779681105-0.2549991798356438j)    -4.149096574131224    -4.595313927410478    5.103830202940715    -4.8541487522524855
0.36928720956579225    -4.746236340119175    -3.954499940084739    -4.746236340119175    (-4.510113627390859+0.2120073532737248j)    -4.228238547860322    -4.523167711457202    5.103830202940715    -4.8541487522524855
0.36928720956579225    -4.746236340119175    -3.954499940084739    -4.746236340119175    (-4.287321564428186+0.6680042742159374j)    -4.31307314523111    -4.6333099612056605    5.103830202940715    -4.8541487522524855
0.36928720956579225    -4.746236340119175    -3.954499940084739    -4.746236340119175    (-4.5595872375310815+0.1585233100940852j)    -4.1467214834836055    -4.593909456994079    5.103830202940715    -4.8541487522524855
0.36928720956579225    -4.746236340119175    -3.954499940084739    -4.746236340119175    (-5.381806991022531+0.3867479680340046j)    -4.470993399261732    -5.050874352906269    5.103830202940715    -4.8541487522524855
0.36928720956579225    -4.746236340119175    -3.954499940084739    -4.746236340119175    (-4.6302931199051764-0.04204727430477975j)    -4.115617153880249    -4.6042251137916645    5.103830202940715    -4.8541487522524855
0.36928720956579225    -4.746236340119175    -3.954499940084739    -4.746236340119175    (-4.701448028887682-0.21852672269505619j)    -4.043621235631544    -4.211599240434556    5.103830202940715    -4.8541487522524855
0.36928720956579225    -4.746236340119175    -3.954499940084739    -4.746236340119175    (-4.610177289793448-0.05001823038711053j)    -4.107153917025423    -4.727329949642902    5.103830202940715    -4.8541487522524855
0.36928720956579225    -4.746236340119175    -3.954499940084739    -4.746236340119175    (-4.716570820063847-0.17646861244524226j)    -4.47278242596186    -4.888868687851414    5.103830202940715    -4.8541487522524855
0.36928720956579225    -4.746236340119175    -3.954499940084739    -4.746236340119175    (-4.824037097882986-0.17867871204275526j)    -4.239495239211703    -4.497836638845679    5.103830202940715    -4.8541487522524855
0.36928720956579225    -4.746236340119175    -3.954499940084739    -4.746236340119175    (-4.887459581383246-0.17810655305385947j)    -4.131992684421816    -4.497375757991057    5.103830202940715    -4.8541487522524855
0.36928720956579225    -4.746236340119175    -3.954499940084739    -4.746236340119175    (-4.643570348374223+0.3327055473714809j)    -4.24505903535826    -5.060093507961855    5.103830202940715    -4.8541487522524855
0.36928720956579225    -4.746236340119175    -3.954499940084739    -4.746236340119175    (-4.581808801871545-0.20194543564213277j)    -4.17707663272451    -4.411376546594188    5.103830202940715    -4.8541487522524855
0.36928720956579225    -4.746236340119175    -3.954499940084739    -4.746236340119175    (-4.739367288630587-0.24898065510906084j)    -4.423407181596126    -5.001771937267956    5.103830202940715    -4.8541487522524855
0.36928720956579225    -4.746236340119175    -3.954499940084739    -4.746236340119175    (-4.51532212365365-0.014583146017665145j)    -4.610528025149119    -4.987942963858843    5.103830202940715    -4.8541487522524855
0.36928720956579225    -4.746236340119175    -3.954499940084739    -4.746236340119175    (-4.71112636085311+0.1511131440424701j)    -4.432834880731026    -4.62908007419859    5.103830202940715    -4.8541487522524855
0.36928720956579225    -4.746236340119175    -3.954499940084739    -4.746236340119175    (-4.711156710249417-0.1530196098720694j)    -4.506474261780422    -4.541599983008177    5.103830202940715    -4.8541487522524855
0.36928720956579225    -4.746236340119175    -3.954499940084739    -4.746236340119175    (-4.699569829828721-0.24586430843426552j)    -4.271756594469701    -4.491418023949842    5.103830202940715    -4.8541487522524855
0.36928720956579225    -4.746236340119175    -3.954499940084739    -4.746236340119175    (-4.784286392105071-0.1995361510151218j)    -4.342387658529342    -4.593058501714652    5.103830202940715    -4.8541487522524855
0.36928720956579225    -4.746236340119175    -3.954499940084739    -4.746236340119175    (-4.7061763301558335+0.13844512138319523j)    -4.117281604975456    -4.725329095780129    5.103830202940715    -4.8541487522524855
0.36928720956579225    -4.746236340119175    -3.954499940084739    -4.746236340119175    (-4.627157641958394-0.5136363727092239j)    -4.0272624399240655    -4.694070912146203    5.103830202940715    -4.8541487522524855
0.36928720956579225    -4.746236340119175    -3.954499940084739    -4.746236340119175    (-4.624068731077645-0.3088927450128553j)    -4.110783321777025    -4.6710670549258815    5.103830202940715    -4.8541487522524855
0.36928720956579225    -4.746236340119175    -3.954499940084739    -4.746236340119175    (-4.55351926516815+0.45423604774808896j)    -4.054833736530805    -5.009034613404439    5.103830202940715    -4.8541487522524855
0.36928720956579225    -4.746236340119175    -3.954499940084739    -4.746236340119175    (-4.579027975672016-0.0866327039693762j)    -4.123744567688167    -5.010587120002494    5.103830202940715    -4.8541487522524855
0.36928720956579225    -4.746236340119175    -3.954499940084739    -4.746236340119175    (-4.687112613394027+0.2653733166471726j)    -4.4210475222940575    -4.988341945103369    5.103830202940715    -4.8541487522524855
0.36928720956579225    -4.746236340119175    -3.954499940084739    -4.746236340119175    (-4.386424862584255+0.09088770426161491j)    -4.021226239926648    -4.560870443493009    5.103830202940715    -4.8541487522524855
0.36928720956579225    -4.746236340119175    -3.954499940084739    -4.746236340119175    (-4.265223643213717+0.3627740381938256j)    -4.282667645370967    -4.566014021565969    5.103830202940715    -4.8541487522524855
0.36928720956579225    -4.746236340119175    -3.954499940084739    -4.746236340119175    (-4.52158066966983-0.04485746323384718j)    -4.064199239740191    -4.59237908195326    5.103830202940715    -4.8541487522524855
0.36928720956579225    -4.746236340119175    -3.954499940084739    -4.746236340119175    (-4.553898053809977+0.02768905680005815j)    -3.9911364943595578    -4.214303142771649    5.103830202940715    -4.8541487522524855
0.36928720956579225    -4.746236340119175    -3.954499940084739    -4.746236340119175    (-4.40707972157782+0.32328513435056j)    -3.962620325906192    -4.451850752097888    5.103830202940715    -4.8541487522524855
0.36928720956579225    -4.746236340119175    -3.954499940084739    -4.746236340119175    (-4.710028240695617+0.2036993314884439j)    -4.17270168916491    -4.851479872020094    5.103830202940715    -4.8541487522524855
0.36928720956579225    -4.746236340119175    -3.954499940084739    -4.746236340119175    (-4.627814741039375+0.10115546628191051j)    -4.09097739548863    -4.492506522625823    5.103830202940715    -4.8541487522524855
0.36928720956579225    -4.746236340119175    -3.954499940084739    -4.746236340119175    (-4.814999169828+0.053726993597530505j)    -4.123363612130577    -4.9422045231840075    5.103830202940715    -4.8541487522524855
0.36928720956579225    -4.746236340119175    -3.954499940084739    -4.746236340119175    (-4.706908961042407+0.2447264996074005j)    -4.063595468813437    -4.787151916893011    5.103830202940715    -4.8541487522524855
0.36928720956579225    -4.746236340119175    -3.954499940084739    -4.746236340119175    (-4.770500149428137+0.12163151112786212j)    -4.156264001626445    -5.276777301811633    5.103830202940715    -4.8541487522524855
0.36928720956579225    -4.746236340119175    -3.954499940084739    -4.746236340119175    (-4.818664133210466-0.18365433543069737j)    -4.114150782049914    -4.582029782980229    5.103830202940715    -4.8541487522524855
0.36928720956579225    -4.746236340119175    -3.954499940084739    -4.746236340119175    (-4.449529273248055-0.2966665573624909j)    -4.210738756560228    -4.491469636430033    5.103830202940715    -4.8541487522524855
0.36928720956579225    -4.746236340119175    -3.954499940084739    -4.746236340119175    (-4.965457412994328+0.09742773822011586j)    -4.140125713272251    -4.275003448927    5.103830202940715    -4.8541487522524855
0.36928720956579225    -4.746236340119175    -3.954499940084739    -4.746236340119175    (-4.7042727132912034+0.19559629653255545j)    -4.273347134623429    -4.978854381830771    5.103830202940715    -4.8541487522524855
0.36928720956579225    -4.746236340119175    -3.954499940084739    -4.746236340119175    (-4.726404356493631-0.22944612664130226j)    -4.424090522498442    -4.437049355426573    5.103830202940715    -4.8541487522524855
0.36928720956579225    -4.746236340119175    -3.954499940084739    -4.746236340119175    (-4.802504308679415-0.20408892238856746j)    -4.443401017065586    -4.940346508559034    5.103830202940715    -4.8541487522524855
0.36928720956579225    -4.746236340119175    -3.954499940084739    -4.746236340119175    (-4.586202806516818-0.22372008015790976j)    -4.20388426070307    -4.573784651498929    5.103830202940715    -4.8541487522524855
0.36928720956579225    -4.746236340119175    -3.954499940084739    -4.746236340119175    (-4.6965275208764945-0.46763805541876596j)    -4.191753168358624    -4.71583361443964    5.103830202940715    -4.8541487522524855
0.36928720956579225    -4.746236340119175    -3.954499940084739    -4.746236340119175    (-4.614094839559447+0.2527705389862987j)    -3.872213738911653    -4.483580069609519    5.103830202940715    -4.8541487522524855
0.36928720956579225    -4.746236340119175    -3.954499940084739    -4.746236340119175    (-4.78584465812528-0.5284512540577408j)    -4.11493332539635    -5.28290380764998    5.103830202940715    -4.8541487522524855
0.36928720956579225    -4.746236340119175    -3.954499940084739    -4.746236340119175    (-4.520669166281573+0.3086735738187765j)    -4.345677680978918    -4.3132774628272355    5.103830202940715    -4.8541487522524855
0.36928720956579225    -4.746236340119175    -3.954499940084739    -4.746236340119175    (-4.52145262478631+0.13725540974022707j)    -4.297691059912731    -4.876050703412197    5.103830202940715    -4.8541487522524855
0.36928720956579225    -4.746236340119175    -3.954499940084739    -4.746236340119175    (-4.406497430929712-0.12022158033204591j)    -3.945710363025782    -4.58302729195119    5.103830202940715    -4.8541487522524855
0.36928720956579225    -4.746236340119175    -3.954499940084739    -4.746236340119175    (-4.849192385753926+0.4762316306909244j)    -4.249299382174444    -5.046159346494398    5.103830202940715    -4.8541487522524855
0.36928720956579225    -4.746236340119175    -3.954499940084739    -4.746236340119175    (-4.656259126635369-0.17399797960317737j)    -4.16862758161321    -5.406888086189224    5.103830202940715    -4.8541487522524855
0.36928720956579225    -4.746236340119175    -3.954499940084739    -4.746236340119175    (-4.872654835478194-0.23317042709839395j)    -4.334051102253484    -4.461010311535189    5.103830202940715    -4.8541487522524855
0.36928720956579225    -4.746236340119175    -3.954499940084739    -4.746236340119175    (-4.880361923807355-0.21606428588722632j)    -3.961286050916884    -4.7330109503069995    5.103830202940715    -4.8541487522524855
0.36928720956579225    -4.746236340119175    -3.954499940084739    -4.746236340119175    (-4.683306092725195-0.08323059221585313j)    -4.56078313857617    -4.432403884178688    5.103830202940715    -4.8541487522524855
0.36928720956579225    -4.746236340119175    -3.954499940084739    -4.746236340119175    (-4.787017769871803+0.1736627020449217j)    -4.586902591308305    -4.609643758425475    5.103830202940715    -4.8541487522524855
0.36928720956579225    -4.746236340119175    -3.954499940084739    -4.746236340119175    (-4.94267803995009+0.0788809760525961j)    -4.155665326936931    -4.586048243484671    5.103830202940715    -4.8541487522524855
0.36928720956579225    -4.746236340119175    -3.954499940084739    -4.746236340119175    (-4.425399753641979-0.4124986206289136j)    -4.02581513088004    -4.597563183212799    5.103830202940715    -4.8541487522524855
0.36928720956579225    -4.746236340119175    -3.954499940084739    -4.746236340119175    (-5.110598502381543-0.10355682587469658j)    -4.053967474805029    -4.616862702275584    5.103830202940715    -4.8541487522524855
0.36928720956579225    -4.746236340119175    -3.954499940084739    -4.746236340119175    (-4.83760578010031-0.27607569608828714j)    -4.160963424630344    -4.3417625888876605    5.103830202940715    -4.8541487522524855
0.36928720956579225    -4.746236340119175    -3.954499940084739    -4.746236340119175    (-4.648264483112303-0.14939518821560593j)    -3.9141169490826457    -4.432622511012428    5.103830202940715    -4.8541487522524855
0.36928720956579225    -4.746236340119175    -3.954499940084739    -4.746236340119175    (-5.122391035000052-0.25016968508506093j)    -4.432130344138532    -4.626389931549729    5.103830202940715    -4.8541487522524855
0.36928720956579225    -4.746236340119175    -3.954499940084739    -4.746236340119175    (-5.009965228203877-0.09143843348272111j)    -4.255093779805794    -4.709789463471254    5.103830202940715    -4.8541487522524855
0.36928720956579225    -4.746236340119175    -3.954499940084739    -4.746236340119175    (-4.563760042361975-0.0001685404857763495j)    -4.100921725879514    -4.72680459572717    5.103830202940715    -4.8541487522524855
0.36928720956579225    -4.746236340119175    -3.954499940084739    -4.746236340119175    (-4.679806815182218-0.1644034344266748j)    -3.9272069161694754    -4.720202422429822    5.103830202940715    -4.8541487522524855
0.36928720956579225    -4.746236340119175    -3.954499940084739    -4.746236340119175    (-4.439975297383984+0.06055116002069013j)    -4.032843755620672    -4.389175055815752    5.103830202940715    -4.8541487522524855
0.36928720956579225    -4.746236340119175    -3.954499940084739    -4.746236340119175    (-4.538357396010224+0.11720446741813695j)    -4.389680888052725    -4.593406267506895    5.103830202940715    -4.8541487522524855
0.36928720956579225    -4.746236340119175    -3.954499940084739    -4.746236340119175    (-4.817219190195218-0.4846441674942832j)    -4.431993505816082    -4.967735719112473    5.103830202940715    -4.8541487522524855
0.36928720956579225    -4.746236340119175    -3.954499940084739    -4.746236340119175    (-4.5104318786042805-0.1522902166424997j)    -4.321210603638171    -4.92521163837344    5.103830202940715    -4.8541487522524855
0.36928720956579225    -4.746236340119175    -3.954499940084739    -4.746236340119175    (-4.841980445092661-0.3639607393778082j)    -4.249027796697692    -5.169884098521291    5.103830202940715    -4.8541487522524855
0.36928720956579225    -4.746236340119175    -3.954499940084739    -4.746236340119175    (-4.484256761654542-0.15080686257990833j)    -4.349199515419205    -4.259110552834053    5.103830202940715    -4.8541487522524855
0.36928720956579225    -4.746236340119175    -3.954499940084739    -4.746236340119175    (-4.765281283714063-0.25758295808828485j)    -4.041399181273186    -4.8462440559314155    5.103830202940715    -4.8541487522524855
0.36928720956579225    -4.746236340119175    -3.954499940084739    -4.746236340119175    (-4.957585513643005+0.14256872481963057j)    -4.221372464169078    -4.748636769060974    5.103830202940715    -4.8541487522524855
0.36928720956579225    -4.746236340119175    -3.954499940084739    -4.746236340119175    (-4.741540294141348+0.18766143615957873j)    -3.8663428876114834    -4.584532267345176    5.103830202940715    -4.8541487522524855
0.36928720956579225    -4.746236340119175    -3.954499940084739    -4.746236340119175    (-4.611689310427129-0.36687634547234926j)    -4.015240860296013    -4.586963301682236    5.103830202940715    -4.8541487522524855
0.36928720956579225    -4.746236340119175    -3.954499940084739    -4.746236340119175    (-4.788445530953301-0.4325648366900943j)    -4.546529428371741    -5.021177356184454    5.103830202940715    -4.8541487522524855
0.36928720956579225    -4.746236340119175    -3.954499940084739    -4.746236340119175    (-4.765190547500425+0.3262852546013437j)    -4.589243251241064    -4.364514589498593    5.103830202940715    -4.8541487522524855
0.36928720956579225    -4.746236340119175    -3.954499940084739    -4.746236340119175    (-4.581107012399593-0.14427191004556278j)    -4.365709824807168    -4.5189046397941866    5.103830202940715    -4.8541487522524855
0.36928720956579225    -4.746236340119175    -3.954499940084739    -4.746236340119175    (-4.632380831322813+0.2110880297292723j)    -4.359729743299511    -5.001088950406839    5.103830202940715    -4.8541487522524855
0.36928720956579225    -4.746236340119175    -3.954499940084739    -4.746236340119175    (-4.549074170815148-0.23190741346596103j)    -4.01653343092985    -4.623486225715522    5.103830202940715    -4.8541487522524855
0.36928720956579225    -4.746236340119175    -3.954499940084739    -4.746236340119175    (-4.742024384104377-0.25683971857783017j)    -4.176185222785591    -4.868257748795537    5.103830202940715    -4.8541487522524855
0.36928720956579225    -4.746236340119175    -3.954499940084739    -4.746236340119175    (-4.664892135503222+0.2021920448259982j)    -4.045410991919031    -5.313741345721767    5.103830202940715    -4.8541487522524855
0.36928720956579225    -4.746236340119175    -3.954499940084739    -4.746236340119175    (-4.537747047870618-0.06048015237490651j)    -3.9618086199316576    -4.519609257769932    5.103830202940715    -4.8541487522524855
0.36928720956579225    -4.746236340119175    -3.954499940084739    -4.746236340119175    (-4.709339419147896+0.3826201258430097j)    -4.331933960269285    -4.744514459420351    5.103830202940715    -4.8541487522524855
0.36928720956579225    -4.746236340119175    -3.954499940084739    -4.746236340119175    (-4.804981668103699-0.018820484816125443j)    -4.090496923573558    -4.868051793349595    5.103830202940715    -4.8541487522524855
0.36928720956579225    -4.746236340119175    -3.954499940084739    -4.746236340119175    (-4.705396371970895-0.06617218759038843j)    -4.4954104432016475    -5.220275800110182    5.103830202940715    -4.8541487522524855
0.36928720956579225    -4.746236340119175    -3.954499940084739    -4.746236340119175    (-4.740829205597672+0.22323974397262702j)    -4.07624960573202    -4.71178513492281    5.103830202940715    -4.8541487522524855
0.36928720956579225    -4.746236340119175    -3.954499940084739    -4.746236340119175    (-4.5145180734489925+0.2668399883456985j)    -4.12338980910276    -4.656554134439979    5.103830202940715    -4.8541487522524855
0.36928720956579225    -4.746236340119175    -3.954499940084739    -4.746236340119175    (-4.582470185727985+0.22164261570692528j)    -4.454173589818201    -5.203611456583237    5.103830202940715    -4.8541487522524855
0.36928720956579225    -4.746236340119175    -3.954499940084739    -4.746236340119175    (-4.654951890272897+0.11306249664359438j)    -4.0628510513309575    -4.951613652950224    5.103830202940715    -4.8541487522524855
0.36928720956579225    -4.746236340119175    -3.954499940084739    -4.746236340119175    (-5.300344280560451+0.17830767569265973j)    -4.200595435384133    -5.170262669488933    5.103830202940715    -4.8541487522524855
0.36928720956579225    -4.746236340119175    -3.954499940084739    -4.746236340119175    (-4.909960378293586+0.03668020539317757j)    -4.210311719684289    -4.446921995890184    5.103830202940715    -4.8541487522524855
0.36928720956579225    -4.746236340119175    -3.954499940084739    -4.746236340119175    (-4.703035732525792+0.12197135898179232j)    -4.075013643849599    -4.636741530030094    5.103830202940715    -4.8541487522524855
0.36928720956579225    -4.746236340119175    -3.954499940084739    -4.746236340119175    (-4.640780479631057-0.021088364770218807j)    -4.091799311982573    -4.7227799950697325    5.103830202940715    -4.8541487522524855
0.36928720956579225    -4.746236340119175    -3.954499940084739    -4.746236340119175    (-4.427175070445026-0.3461036674013773j)    -4.026417466843625    -5.080950990685792    5.103830202940715    -4.8541487522524855
0.36928720956579225    -4.746236340119175    -3.954499940084739    -4.746236340119175    (-4.5153913941647605-0.4268775783695236j)    -4.240230240402748    -5.146936819376324    5.103830202940715    -4.8541487522524855
0.36928720956579225    -4.746236340119175    -3.954499940084739    -4.746236340119175    (-4.611004223546172+0.09314347700431465j)    -4.211707455631831    -5.145962569707056    5.103830202940715    -4.8541487522524855
0.36928720956579225    -4.746236340119175    -3.954499940084739    -4.746236340119175    (-4.835182812866808-0.1692902032953159j)    -4.4000530262101805    -4.264119894552694    5.103830202940715    -4.8541487522524855
0.36928720956579225    -4.746236340119175    -3.954499940084739    -4.746236340119175    (-4.703080296082618+0.24972946977518934j)    -4.013469574399009    -5.118281030676887    5.103830202940715    -4.8541487522524855
0.36928720956579225    -4.746236340119175    -3.954499940084739    -4.746236340119175    (-4.7285045266078285+0.08402347267333606j)    -4.441096143549757    -5.024734887962279    5.103830202940715    -4.8541487522524855
0.36928720956579225    -4.746236340119175    -3.954499940084739    -4.746236340119175    (-4.68329880934185+0.04794224879101763j)    -4.093583936194036    -4.880178950506546    5.103830202940715    -4.8541487522524855
0.36928720956579225    -4.746236340119175    -3.954499940084739    -4.746236340119175    (-4.729288430600139+0.007532345362696216j)    -4.52396266552429    -4.608798505931889    5.103830202940715    -4.8541487522524855
0.36928720956579225    -4.746236340119175    -3.954499940084739    -4.746236340119175    (-4.24368420910399-0.3181208968859531j)    -4.260385097972611    -4.677647382825445    5.103830202940715    -4.8541487522524855
0.36928720956579225    -4.746236340119175    -3.954499940084739    -4.746236340119175    (-4.349835818162074+0.08275937682925676j)    -4.073208611583712    -4.9243241532542    5.103830202940715    -4.8541487522524855
0.36928720956579225    -4.746236340119175    -3.954499940084739    -4.746236340119175    (-4.862315439107969-0.0754992449982055j)    -4.241267971086778    -4.702176859871477    5.103830202940715    -4.8541487522524855
0.36928720956579225    -4.746236340119175    -3.954499940084739    -4.746236340119175    (-5.0349765982277255+0.25068308323187344j)    -4.217795168666065    -4.399914986593873    5.103830202940715    -4.8541487522524855
0.36928720956579225    -4.746236340119175    -3.954499940084739    -4.746236340119175    (-4.770615235767089-0.40462904526075893j)    -4.126700836982979    -4.886014945113332    5.103830202940715    -4.8541487522524855
0.36928720956579225    -4.746236340119175    -3.954499940084739    -4.746236340119175    (-4.725748497320435+0.029445709112733115j)    -4.03408984063091    -4.491213914418454    5.103830202940715    -4.8541487522524855
0.36928720956579225    -4.746236340119175    -3.954499940084739    -4.746236340119175    (-4.943030495398712-0.1422683451520009j)    -4.328381683989131    -4.512667984956322    5.103830202940715    -4.8541487522524855
0.36928720956579225    -4.746236340119175    -3.954499940084739    -4.746236340119175    (-4.439482010294221-0.2279591450642851j)    -4.40010387174562    -4.537971764212402    5.103830202940715    -4.8541487522524855
0.36928720956579225    -4.746236340119175    -3.954499940084739    -4.746236340119175    (-4.917604883168989-0.015430795162655244j)    -4.403394930855597    -5.156234268754375    5.103830202940715    -4.8541487522524855
0.36928720956579225    -4.746236340119175    -3.954499940084739    -4.746236340119175    (-4.6941331394718775-0.3159134076734435j)    -4.335197362300585    -4.6984336315984665    5.103830202940715    -4.8541487522524855
0.36928720956579225    -4.746236340119175    -3.954499940084739    -4.746236340119175    (-4.74851765867616+0.05971514101057258j)    -4.084043867793532    -4.972097718403325    5.103830202940715    -4.8541487522524855
0.36928720956579225    -4.746236340119175    -3.954499940084739    -4.746236340119175    (-4.588380106058465-0.2083648451283578j)    -4.052047669474368    -4.654102977431419    5.103830202940715    -4.8541487522524855
0.36928720956579225    -4.746236340119175    -3.954499940084739    -4.746236340119175    (-4.736168814800358+0.45609117603437077j)    -4.517019555866075    -4.78765653815052    5.103830202940715    -4.8541487522524855
0.36928720956579225    -4.746236340119175    -3.954499940084739    -4.746236340119175    (-5.062181812710151+0.171699111962499j)    -4.052843792103016    -4.410910420451523    5.103830202940715    -4.8541487522524855
0.36928720956579225    -4.746236340119175    -3.954499940084739    -4.746236340119175    (-4.6984106985809415+0.030287960563527352j)    -4.228569123556592    -4.6886626273102445    5.103830202940715    -4.8541487522524855
0.36928720956579225    -4.746236340119175    -3.954499940084739    -4.746236340119175    (-4.912905968131163-0.060407812656719066j)    -4.0444851379551325    -4.438271132504763    5.103830202940715    -4.8541487522524855
0.36928720956579225    -4.746236340119175    -3.954499940084739    -4.746236340119175    (-4.741497814120262-0.07620349131193382j)    -4.350521489776704    -4.401978424740718    5.103830202940715    -4.8541487522524855
0.36928720956579225    -4.746236340119175    -3.954499940084739    -4.746236340119175    (-4.564957348220685-0.008807320199800375j)    -4.1920653248828135    -4.55483129914643    5.103830202940715    -4.8541487522524855
0.36928720956579225    -4.746236340119175    -3.954499940084739    -4.746236340119175    (-4.905822553372577-0.37896712239900293j)    -4.026449101747873    -4.785020067219773    5.103830202940715    -4.8541487522524855
0.36928720956579225    -4.746236340119175    -3.954499940084739    -4.746236340119175    (-4.885586851637345-0.35430262174739635j)    -4.3651262336287155    -4.616456973189171    5.103830202940715    -4.8541487522524855
0.36928720956579225    -4.746236340119175    -3.954499940084739    -4.746236340119175    (-4.55883645345149+0.06257473818272265j)    -4.243285513195695    -5.350209204170452    5.103830202940715    -4.8541487522524855
0.36928720956579225    -4.746236340119175    -3.954499940084739    -4.746236340119175    (-4.613046311226272+0.016701638106231317j)    -4.416848801930072    -4.643358102549504    5.103830202940715    -4.8541487522524855
0.36928720956579225    -4.746236340119175    -3.954499940084739    -4.746236340119175    (-4.606319394550192-0.3835110747896913j)    -4.333772019309911    -4.544387550797599    5.103830202940715    -4.8541487522524855
0.36928720956579225    -4.746236340119175    -3.954499940084739    -4.746236340119175    (-4.67886507532955-0.08016889525421063j)    -4.098436609351546    -4.736675277100409    5.103830202940715    -4.8541487522524855
0.36928720956579225    -4.746236340119175    -3.954499940084739    -4.746236340119175    (-4.906427842852758+0.4387706350872313j)    -4.0821844754814025    -4.649615864736385    5.103830202940715    -4.8541487522524855
0.36928720956579225    -4.746236340119175    -3.954499940084739    -4.746236340119175    (-4.525778184675707+0.2910473921717293j)    -4.034370036769015    -4.9640926478779255    5.103830202940715    -4.8541487522524855
0.36928720956579225    -4.746236340119175    -3.954499940084739    -4.746236340119175    (-4.62804774033618+0.10635072061708634j)    -4.328730607692966    -4.724147336246927    5.103830202940715    -4.8541487522524855
0.36928720956579225    -4.746236340119175    -3.954499940084739    -4.746236340119175    (-4.560113347371412-0.01185852267685301j)    -4.204151445059314    -4.555564616516033    5.103830202940715    -4.8541487522524855
0.36928720956579225    -4.746236340119175    -3.954499940084739    -4.746236340119175    (-4.51961008488246-0.44205917395650524j)    -4.4101040681831485    -4.798527524139714    5.103830202940715    -4.8541487522524855
0.36928720956579225    -4.746236340119175    -3.954499940084739    -4.746236340119175    (-4.645726002157787-0.2060455370176203j)    -4.357562281810915    -4.608449438656461    5.103830202940715    -4.8541487522524855
0.36928720956579225    -4.746236340119175    -3.954499940084739    -4.746236340119175    (-4.704826857658866+0.12734498432971653j)    -4.427354480620143    -4.910485051043712    5.103830202940715    -4.8541487522524855
0.36928720956579225    -4.746236340119175    -3.954499940084739    -4.746236340119175    (-4.812240288652799-0.21493792720573987j)    -4.156709130938266    -4.985841334127426    5.103830202940715    -4.8541487522524855
0.36928720956579225    -4.746236340119175    -3.954499940084739    -4.746236340119175    (-4.692057191948453+0.35782228787570886j)    -4.173810035912154    -4.695078338204749    5.103830202940715    -4.8541487522524855
0.36928720956579225    -4.746236340119175    -3.954499940084739    -4.746236340119175    (-4.660424900550907+0.0005681517385301389j)    -3.955962890990871    -4.252118005447235    5.103830202940715    -4.8541487522524855
0.36928720956579225    -4.746236340119175    -3.954499940084739    -4.746236340119175    (-4.481411622849151+0.3292494062812581j)    -4.206773328176479    -4.470941231848941    5.103830202940715    -4.8541487522524855
0.36928720956579225    -4.746236340119175    -3.954499940084739    -4.746236340119175    (-4.573729521115365-0.3240841623432006j)    -4.315278283272995    -4.570622187638064    5.103830202940715    -4.8541487522524855
0.36928720956579225    -4.746236340119175    -3.954499940084739    -4.746236340119175    (-4.863107635388366-0.04473034510715499j)    -4.447426079982832    -4.627971457108103    5.103830202940715    -4.8541487522524855
0.36928720956579225    -4.746236340119175    -3.954499940084739    -4.746236340119175    (-4.607757042862142+0.05501203300727459j)    -4.460298032677044    -4.863083243804639    5.103830202940715    -4.8541487522524855
0.36928720956579225    -4.746236340119175    -3.954499940084739    -4.746236340119175    (-4.950465074244288-0.3521181040545683j)    -4.165977933139698    -4.4911283665084865    5.103830202940715    -4.8541487522524855
0.36928720956579225    -4.746236340119175    -3.954499940084739    -4.746236340119175    (-4.456447348261767-0.011963832275950312j)    -4.08892614355353    -5.144942432816401    5.103830202940715    -4.8541487522524855
0.36928720956579225    -4.746236340119175    -3.954499940084739    -4.746236340119175    (-5.038927389968281+0.10708068477935317j)    -4.027430498469399    -4.604599373885765    5.103830202940715    -4.8541487522524855
0.36928720956579225    -4.746236340119175    -3.954499940084739    -4.746236340119175    (-4.613192773349742-0.05649465482649299j)    -4.522961462851094    -5.027096110818644    5.103830202940715    -4.8541487522524855
0.36928720956579225    -4.746236340119175    -3.954499940084739    -4.746236340119175    (-4.757269781895865-0.03867094318745711j)    -4.458910796287833    -4.096683623774032    5.103830202940715    -4.8541487522524855
0.36928720956579225    -4.746236340119175    -3.954499940084739    -4.746236340119175    (-4.771588507368774-0.3187186199933383j)    -4.163854963396856    -4.937363828027659    5.103830202940715    -4.8541487522524855
0.36928720956579225    -4.746236340119175    -3.954499940084739    -4.746236340119175    (-4.679484098806598-0.5418029466319879j)    -4.143298642717755    -4.958795259809616    5.103830202940715    -4.8541487522524855
0.36928720956579225    -4.746236340119175    -3.954499940084739    -4.746236340119175    (-4.59715253414006-0.10796620222204882j)    -4.028091625739995    -5.494009117904857    5.103830202940715    -4.8541487522524855
0.36928720956579225    -4.746236340119175    -3.954499940084739    -4.746236340119175    (-4.795420677802365-0.12977723028651347j)    -4.464217543912387    -5.102553339371981    5.103830202940715    -4.8541487522524855
0.36928720956579225    -4.746236340119175    -3.954499940084739    -4.746236340119175    (-4.950645020557989+0.3522458824117485j)    -4.270107710743921    -4.864306105571238    5.103830202940715    -4.8541487522524855
0.36928720956579225    -4.746236340119175    -3.954499940084739    -4.746236340119175    (-4.651049390073364-0.20429741466693846j)    -4.107268019291784    -4.719277951242127    5.103830202940715    -4.8541487522524855
0.36928720956579225    -4.746236340119175    -3.954499940084739    -4.746236340119175    (-4.632237822313399-0.0827619020612975j)    -4.075887915013888    -4.0964386831887705    5.103830202940715    -4.8541487522524855
0.36928720956579225    -4.746236340119175    -3.954499940084739    -4.746236340119175    (-4.924115031649917+0.16453499112903655j)    -4.513147174802553    -5.090379479369033    5.103830202940715    -4.8541487522524855
0.36928720956579225    -4.746236340119175    -3.954499940084739    -4.746236340119175    (-4.527215225174445-0.14604022207837591j)    -4.0897318706508194    -4.653199079090476    5.103830202940715    -4.8541487522524855
0.36928720956579225    -4.746236340119175    -3.954499940084739    -4.746236340119175    (-4.803109095626397+0.2159337606295393j)    -3.9073537411463497    -4.774020322329988    5.103830202940715    -4.8541487522524855
0.36928720956579225    -4.746236340119175    -3.954499940084739    -4.746236340119175    (-4.582711496161508-0.11900880869651885j)    -4.303887191398008    -4.421528769774461    5.103830202940715    -4.8541487522524855
0.36928720956579225    -4.746236340119175    -3.954499940084739    -4.746236340119175    (-4.843193806397379+0.08677687737966464j)    -4.260410012690783    -4.730553024752608    5.103830202940715    -4.8541487522524855
0.36928720956579225    -4.746236340119175    -3.954499940084739    -4.746236340119175    (-4.614988022311945-0.17044657493473592j)    -4.043196052497553    -4.800485125839154    5.103830202940715    -4.8541487522524855
0.36928720956579225    -4.746236340119175    -3.954499940084739    -4.746236340119175    (-4.563355923779497-0.21978810443599506j)    -4.357767021659807    -4.564290421336459    5.103830202940715    -4.8541487522524855
0.36928720956579225    -4.746236340119175    -3.954499940084739    -4.746236340119175    (-4.763212245957616-0.003996494939940034j)    -4.270643425987405    -4.659737090187256    5.103830202940715    -4.8541487522524855
0.36928720956579225    -4.746236340119175    -3.954499940084739    -4.746236340119175    (-5.0808543511471465-0.18011559160625237j)    -4.689448433320557    -4.565954540253656    5.103830202940715    -4.8541487522524855
0.36928720956579225    -4.746236340119175    -3.954499940084739    -4.746236340119175    (-4.605197297790285+0.021781850687523925j)    -4.083933918560291    -5.072947585964015    5.103830202940715    -4.8541487522524855
0.36928720956579225    -4.746236340119175    -3.954499940084739    -4.746236340119175    (-4.385369509244609+0.2820510261162635j)    -3.8516595692218005    -4.709111458797927    5.103830202940715    -4.8541487522524855
0.36928720956579225    -4.746236340119175    -3.954499940084739    -4.746236340119175    (-4.595643886710892+0.1832585110319241j)    -4.028096719823086    -4.846458474126501    5.103830202940715    -4.8541487522524855
0.36928720956579225    -4.746236340119175    -3.954499940084739    -4.746236340119175    (-4.69143851694209-0.276495368617351j)    -4.320914978205024    -4.745694055033031    5.103830202940715    -4.8541487522524855
0.36928720956579225    -4.746236340119175    -3.954499940084739    -4.746236340119175    (-4.574093236734755+0.03987404812568828j)    -4.194786721403186    -4.989991994456878    5.103830202940715    -4.8541487522524855
0.36928720956579225    -4.746236340119175    -3.954499940084739    -4.746236340119175    (-4.690259472320248+0.32502699446820243j)    -4.309598547153477    -4.944082674510251    5.103830202940715    -4.8541487522524855
0.36928720956579225    -4.746236340119175    -3.954499940084739    -4.746236340119175    (-4.756259937684605-0.46470583536192145j)    -4.295715162816922    -4.803102549378597    5.103830202940715    -4.8541487522524855
0.36928720956579225    -4.746236340119175    -3.954499940084739    -4.746236340119175    (-5.024278010413607+0.17283808632382122j)    -4.077109512532941    -5.1854135026671715    5.103830202940715    -4.8541487522524855
0.36928720956579225    -4.746236340119175    -3.954499940084739    -4.746236340119175    (-4.82068691646346+0.01663832187973304j)    -4.153847885842485    -4.499537201830345    5.103830202940715    -4.8541487522524855
0.36928720956579225    -4.746236340119175    -3.954499940084739    -4.746236340119175    (-4.767689114894749-0.3543942589369453j)    -4.584999740646805    -4.834145624807171    5.103830202940715    -4.8541487522524855
0.36928720956579225    -4.746236340119175    -3.954499940084739    -4.746236340119175    (-4.676240546486631-0.11062545289755767j)    -4.339068041665687    -4.577737124750431    5.103830202940715    -4.8541487522524855
0.36928720956579225    -4.746236340119175    -3.954499940084739    -4.746236340119175    (-4.792808225706748-0.6585628077262741j)    -4.144423240871368    -4.648659990760693    5.103830202940715    -4.8541487522524855
0.36928720956579225    -4.746236340119175    -3.954499940084739    -4.746236340119175    (-4.950622358981901-0.3117942931718927j)    -4.256481589806482    -4.629313527032056    5.103830202940715    -4.8541487522524855
0.36928720956579225    -4.746236340119175    -3.954499940084739    -4.746236340119175    (-4.730145352069233+0.19420217762005623j)    -4.115101580070859    -5.077680522179104    5.103830202940715    -4.8541487522524855
0.36928720956579225    -4.746236340119175    -3.954499940084739    -4.746236340119175    (-4.598022905770715-0.23881633106090244j)    -4.202291937513915    -4.63263195096984    5.103830202940715    -4.8541487522524855
0.36928720956579225    -4.746236340119175    -3.954499940084739    -4.746236340119175    (-4.555875521787219-0.04632908844578719j)    -4.400041770206525    -4.732527500854025    5.103830202940715    -4.8541487522524855
0.36928720956579225    -4.746236340119175    -3.954499940084739    -4.746236340119175    (-4.805033294191107-0.23315409807473456j)    -4.114431492280901    -4.50645494421014    5.103830202940715    -4.8541487522524855
0.36928720956579225    -4.746236340119175    -3.954499940084739    -4.746236340119175    (-4.656685967179852-0.19743159877381733j)    -4.27296179089154    -4.945344898431689    5.103830202940715    -4.8541487522524855
0.36928720956579225    -4.746236340119175    -3.954499940084739    -4.746236340119175    (-4.51774561589536-0.12524188410754442j)    -4.158908130771521    -4.78241176779082    5.103830202940715    -4.8541487522524855
0.36928720956579225    -4.746236340119175    -3.954499940084739    -4.746236340119175    (-4.519758986237568-0.03835721599058831j)    -4.319725348742756    -4.751654595409404    5.103830202940715    -4.8541487522524855
0.36928720956579225    -4.746236340119175    -3.954499940084739    -4.746236340119175    (-5.208142326751689+0.6173689278579483j)    -4.13321926579088    -5.067069464361151    5.103830202940715    -4.8541487522524855
0.36928720956579225    -4.746236340119175    -3.954499940084739    -4.746236340119175    (-4.648131249485573+0.03694792357208515j)    -4.23149450604381    -4.898942105903216    5.103830202940715    -4.8541487522524855
0.36928720956579225    -4.746236340119175    -3.954499940084739    -4.746236340119175    (-4.678245349710082+0.028616726710896805j)    -4.0824315521034436    -4.489253339533569    5.103830202940715    -4.8541487522524855
0.36928720956579225    -4.746236340119175    -3.954499940084739    -4.746236340119175    (-4.694859759360632+0.08308758676946043j)    -4.399043457825945    -4.895818036808977    5.103830202940715    -4.8541487522524855
0.36928720956579225    -4.746236340119175    -3.954499940084739    -4.746236340119175    (-4.843634200398856+0.06857877943486104j)    -4.082191576030262    -4.768530124334504    5.103830202940715    -4.8541487522524855
0.36928720956579225    -4.746236340119175    -3.954499940084739    -4.746236340119175    (-4.591339113600542+0.032734249046679764j)    -4.084079325236118    -4.652907683314761    5.103830202940715    -4.8541487522524855
0.36928720956579225    -4.746236340119175    -3.954499940084739    -4.746236340119175    (-4.4999073248381025-0.14837815667177065j)    -4.167818088353995    -5.021176572330993    5.103830202940715    -4.8541487522524855
0.36928720956579225    -4.746236340119175    -3.954499940084739    -4.746236340119175    (-4.670315260718622+0.006679084305929185j)    -4.440582962692863    -4.5631521989581305    5.103830202940715    -4.8541487522524855
0.36928720956579225    -4.746236340119175    -3.954499940084739    -4.746236340119175    (-4.914802637216774-0.11667180724202397j)    -4.257170818812204    -4.635471869824968    5.103830202940715    -4.8541487522524855
0.36928720956579225    -4.746236340119175    -3.954499940084739    -4.746236340119175    (-4.5681826016344695-0.19309569469771778j)    -4.229818899556141    -5.1502091519086335    5.103830202940715    -4.8541487522524855
0.36928720956579225    -4.746236340119175    -3.954499940084739    -4.746236340119175    (-4.707590346456598-0.0806767516402802j)    -4.4504228671755675    -4.866538168276145    5.103830202940715    -4.8541487522524855
0.36928720956579225    -4.746236340119175    -3.954499940084739    -4.746236340119175    (-4.653309576334632-0.007160148969081017j)    -4.473710670265266    -4.640688883606358    5.103830202940715    -4.8541487522524855
0.36928720956579225    -4.746236340119175    -3.954499940084739    -4.746236340119175    (-4.901953085678142-0.20583835496207326j)    -4.31782708904122    -4.889300236573903    5.103830202940715    -4.8541487522524855
0.36928720956579225    -4.746236340119175    -3.954499940084739    -4.746236340119175    (-4.663735084401757+0.2442213292558279j)    -3.9983904773618426    -4.876790912581059    5.103830202940715    -4.8541487522524855
0.36928720956579225    -4.746236340119175    -3.954499940084739    -4.746236340119175    (-4.76976342580721-0.1754840932780035j)    -4.162307058611877    -4.910371198957443    5.103830202940715    -4.8541487522524855
0.36928720956579225    -4.746236340119175    -3.954499940084739    -4.746236340119175    (-4.424984079224655-0.5120646523036304j)    -4.240488087377481    -4.570623272401136    5.103830202940715    -4.8541487522524855
0.36928720956579225    -4.746236340119175    -3.954499940084739    -4.746236340119175    (-4.6349002562170725-0.05318465727388251j)    -4.25084043354969    -4.8700165492075165    5.103830202940715    -4.8541487522524855
0.36928720956579225    -4.746236340119175    -3.954499940084739    -4.746236340119175    (-4.669330243372485-0.2683691574085891j)    -4.185708903564475    -4.715933856598192    5.103830202940715    -4.8541487522524855
0.36928720956579225    -4.746236340119175    -3.954499940084739    -4.746236340119175    (-4.9296090358364975-0.29340958620671576j)    -4.098424992960537    -4.690313188476757    5.103830202940715    -4.8541487522524855
0.36928720956579225    -4.746236340119175    -3.954499940084739    -4.746236340119175    (-4.782598760465172+0.10004002863683092j)    -4.184557974298121    -4.805831614175977    5.103830202940715    -4.8541487522524855
0.36928720956579225    -4.746236340119175    -3.954499940084739    -4.746236340119175    (-4.976405754370912+0.39653620747391494j)    -4.3529387494580964    -4.551454745712714    5.103830202940715    -4.8541487522524855
0.36928720956579225    -4.746236340119175    -3.954499940084739    -4.746236340119175    (-4.637132675068547+0.20263186260586713j)    -4.180618661797097    -4.682111324546444    5.103830202940715    -4.8541487522524855
0.36928720956579225    -4.746236340119175    -3.954499940084739    -4.746236340119175    (-4.605361863315022+0.025683788931313185j)    -4.167012783607441    -4.929446521130618    5.103830202940715    -4.8541487522524855
0.36928720956579225    -4.746236340119175    -3.954499940084739    -4.746236340119175    (-4.603752164451043-0.08102847331892246j)    -4.429904495226712    -5.080579532377402    5.103830202940715    -4.8541487522524855
0.36928720956579225    -4.746236340119175    -3.954499940084739    -4.746236340119175    (-4.868115034185035+0.3823046791281243j)    -4.388079703526441    -4.7366820690156475    5.103830202940715    -4.8541487522524855
0.36928720956579225    -4.746236340119175    -3.954499940084739    -4.746236340119175    (-4.992007478037726-0.6609355146803338j)    -4.5178286569724575    -4.9353039027822785    5.103830202940715    -4.8541487522524855
0.36928720956579225    -4.746236340119175    -3.954499940084739    -4.746236340119175    (-4.761590895250289-0.2940955240781864j)    -4.191726810851859    -4.539842246099883    5.103830202940715    -4.8541487522524855
