c0    e_fci    e_hf    ansatz_energy    HF+CS    HF+meas_diag    pauli_all    pauli_qbw    CCSD
0.9302002558084155    -2.0839356356450693    -1.9757006727788233    -2.0839356356450693    (-2.0931273396396604+0.025437132713535184j)    -2.1098318018620095    -2.0974670219342273    -2.1612747268673407    -2.0840629318590183
0.9302002558084155    -2.0839356356450693    -1.9757006727788233    -2.0839356356450693    (-2.0810363013313786-0.009966297522697131j)    -2.1017577643718575    -2.071119881484822    -2.014702046923021    -2.0840629318590183
0.9302002558084155    -2.0839356356450693    -1.9757006727788233    -2.0839356356450693    (-2.0769212247845865+0.021686488848420626j)    -2.1064081278307234    -2.14114084930964    -2.1013442169983887    -2.0840629318590183
0.9302002558084155    -2.0839356356450693    -1.9757006727788233    -2.0839356356450693    (-2.0798874087048933+0.02203568135956907j)    -2.101455747669197    -2.086418570424711    -1.9467651232627712    -2.0840629318590183
0.9302002558084155    -2.0839356356450693    -1.9757006727788233    -2.0839356356450693    (-2.0578195605169474-0.03101835405423092j)    -2.072951604286627    -2.050009524557276    -2.0911595860408236    -2.0840629318590183
0.9302002558084155    -2.0839356356450693    -1.9757006727788233    -2.0839356356450693    (-2.068620870024244-0.026490780059811772j)    -2.072909914079039    -2.0667926521165527    -2.2252083986076467    -2.0840629318590183
0.9302002558084155    -2.0839356356450693    -1.9757006727788233    -2.0839356356450693    (-2.0898818352497557-0.031663806134101614j)    -2.0844838756952333    -2.162133715938508    -2.0664852442318282    -2.0840629318590183
0.9302002558084155    -2.0839356356450693    -1.9757006727788233    -2.0839356356450693    (-2.119790544024247-0.0486627067837503j)    -2.0863305756548294    -2.1193301662243504    -2.05416950531789    -2.0840629318590183
0.9302002558084155    -2.0839356356450693    -1.9757006727788233    -2.0839356356450693    (-2.06968561077638+0.0070314123183676655j)    -2.0923541002420754    -1.91283786458101    -2.0900931310856268    -2.0840629318590183
0.9302002558084155    -2.0839356356450693    -1.9757006727788233    -2.0839356356450693    (-2.0540231466155485+0.031382084922342145j)    -2.0995489551070934    -2.0469528702263515    -2.040358957342417    -2.0840629318590183
0.9302002558084155    -2.0839356356450693    -1.9757006727788233    -2.0839356356450693    (-2.068852780593008-0.02576302723079339j)    -2.065821320330372    -2.2301776218463534    -2.0793780888665943    -2.0840629318590183
0.9302002558084155    -2.0839356356450693    -1.9757006727788233    -2.0839356356450693    (-2.056410360916309+0.021063792678580877j)    -2.061167956259935    -2.171480747844183    -2.1538583662795    -2.0840629318590183
0.9302002558084155    -2.0839356356450693    -1.9757006727788233    -2.0839356356450693    (-2.095237815314462-0.005614819740969462j)    -2.090033001730283    -2.1020986844551635    -2.1266730216228025    -2.0840629318590183
0.9302002558084155    -2.0839356356450693    -1.9757006727788233    -2.0839356356450693    (-2.0785678991538488+0.027175704006400427j)    -2.0897098924894375    -2.0807932166907803    -2.052038905320024    -2.0840629318590183
0.9302002558084155    -2.0839356356450693    -1.9757006727788233    -2.0839356356450693    (-2.0970316766329655-0.002840426019694515j)    -2.0828487576876733    -2.2470794877344398    -1.9160736351110395    -2.0840629318590183
0.9302002558084155    -2.0839356356450693    -1.9757006727788233    -2.0839356356450693    (-2.120714824912909+0.013706468579065247j)    -2.0864366440764024    -2.0836753885855863    -1.9839237019491398    -2.0840629318590183
0.9302002558084155    -2.0839356356450693    -1.9757006727788233    -2.0839356356450693    (-2.0749630666070047+0.012825695026673703j)    -2.0896255050534887    -2.0289779119529294    -2.0930280515762134    -2.0840629318590183
0.9302002558084155    -2.0839356356450693    -1.9757006727788233    -2.0839356356450693    (-2.0653178852616754+0.032899215968534845j)    -2.091825359633113    -2.1025767056902995    -2.076885827843127    -2.0840629318590183
0.9302002558084155    -2.0839356356450693    -1.9757006727788233    -2.0839356356450693    (-2.1035630027859917-0.0012686180196891904j)    -2.0684674325426036    -2.1258695553238645    -2.0103381409169785    -2.0840629318590183
0.9302002558084155    -2.0839356356450693    -1.9757006727788233    -2.0839356356450693    (-2.1047201319771327-0.026098843798943647j)    -2.0672330797169267    -1.99650305959038    -2.062250249632316    -2.0840629318590183
0.9302002558084155    -2.0839356356450693    -1.9757006727788233    -2.0839356356450693    (-2.082832843836074+0.023774593893498296j)    -2.072178772687317    -2.114079764395768    -2.0203372176679224    -2.0840629318590183
0.9302002558084155    -2.0839356356450693    -1.9757006727788233    -2.0839356356450693    (-2.112620798897912+0.01823195996164242j)    -2.0723753251282977    -2.054214289985807    -2.0437995633819774    -2.0840629318590183
0.9302002558084155    -2.0839356356450693    -1.9757006727788233    -2.0839356356450693    (-2.1121529832772237-0.016351820887982853j)    -2.074048213607747    -2.1342163604282023    -2.0217190395566553    -2.0840629318590183
0.9302002558084155    -2.0839356356450693    -1.9757006727788233    -2.0839356356450693    (-2.13064486137886-0.009045963640155566j)    -2.083439673139356    -2.012518761559167    -2.0177677131704286    -2.0840629318590183
0.9302002558084155    -2.0839356356450693    -1.9757006727788233    -2.0839356356450693    (-2.104104010935+0.07053155423508596j)    -2.092670844045202    -2.0614178049997416    -2.030388075895765    -2.0840629318590183
0.9302002558084155    -2.0839356356450693    -1.9757006727788233    -2.0839356356450693    (-2.0651230187908727-0.0613522484028666j)    -2.0862221681307402    -2.055964403919765    -2.111900026540239    -2.0840629318590183
0.9302002558084155    -2.0839356356450693    -1.9757006727788233    -2.0839356356450693    (-2.0562442377837207+0.05383942523029644j)    -2.0947136310739256    -2.1458519817255803    -2.2033871488977548    -2.0840629318590183
0.9302002558084155    -2.0839356356450693    -1.9757006727788233    -2.0839356356450693    (-2.0725989963045177-0.021279173961521673j)    -2.070273805070265    -2.066865573704782    -2.1774301491310424    -2.0840629318590183
0.9302002558084155    -2.0839356356450693    -1.9757006727788233    -2.0839356356450693    (-2.0901310283468035+0.03141030996203135j)    -2.068156093109419    -2.102232780313982    -1.9061243075487415    -2.0840629318590183
0.9302002558084155    -2.0839356356450693    -1.9757006727788233    -2.0839356356450693    (-2.0857724857056383-0.028841651146408007j)    -2.0546782598717357    -2.0935295385576542    -2.1933427134583745    -2.0840629318590183
0.9302002558084155    -2.0839356356450693    -1.9757006727788233    -2.0839356356450693    (-2.0907057508718423-0.008980521521046019j)    -2.077473438343214    -2.063933811485871    -2.1652182377079683    -2.0840629318590183
0.9302002558084155    -2.0839356356450693    -1.9757006727788233    -2.0839356356450693    (-2.088761098324206+0.006248203577103705j)    -2.0853270063349574    -2.077366484327371    -2.1454124247470365    -2.0840629318590183
0.9302002558084155    -2.0839356356450693    -1.9757006727788233    -2.0839356356450693    (-2.0530899377598755-0.0735750650950734j)    -2.101485488899701    -2.0526851255591363    -2.0473655687794463    -2.0840629318590183
0.9302002558084155    -2.0839356356450693    -1.9757006727788233    -2.0839356356450693    (-2.0952068020075147+0.03940165913766721j)    -2.0861328749340196    -2.0446625612338116    -2.2014054604699482    -2.0840629318590183
0.9302002558084155    -2.0839356356450693    -1.9757006727788233    -2.0839356356450693    (-2.0727395149921897+0.028646570900384846j)    -2.064878105300771    -2.104013153857351    -2.089496806009669    -2.0840629318590183
0.9302002558084155    -2.0839356356450693    -1.9757006727788233    -2.0839356356450693    (-2.0938901341680944+0.008728132911145286j)    -2.071347791314936    -2.052874916994058    -1.927885508893255    -2.0840629318590183
0.9302002558084155    -2.0839356356450693    -1.9757006727788233    -2.0839356356450693    (-2.097549676437012-0.018516086790236277j)    -2.084936495126207    -2.0530155978846953    -1.9815830409295565    -2.0840629318590183
0.9302002558084155    -2.0839356356450693    -1.9757006727788233    -2.0839356356450693    (-2.097714690159303-0.017554209366472166j)    -2.097660076229551    -2.0823643066466313    -2.135511842222471    -2.0840629318590183
0.9302002558084155    -2.0839356356450693    -1.9757006727788233    -2.0839356356450693    (-2.0652174185565815+0.010709613298861737j)    -2.1031787724091204    -2.051391530009476    -2.184457165348285    -2.0840629318590183
0.9302002558084155    -2.0839356356450693    -1.9757006727788233    -2.0839356356450693    (-2.1035366915560845+0.011245752106210972j)    -2.0855446373130153    -2.0534085868434984    -2.02792773908813    -2.0840629318590183
0.9302002558084155    -2.0839356356450693    -1.9757006727788233    -2.0839356356450693    (-2.084095430114805-0.05001402985891341j)    -2.0850364899354066    -2.048716440615152    -2.1514416865370936    -2.0840629318590183
0.9302002558084155    -2.0839356356450693    -1.9757006727788233    -2.0839356356450693    (-2.070515365500526+0.004985249686307884j)    -2.089944510417699    -2.084045809975653    -2.1091038137285967    -2.0840629318590183
0.9302002558084155    -2.0839356356450693    -1.9757006727788233    -2.0839356356450693    (-2.0955354665455-0.03393809621927726j)    -2.082966840696912    -2.0698222636106633    -2.0995253270638603    -2.0840629318590183
0.9302002558084155    -2.0839356356450693    -1.9757006727788233    -2.0839356356450693    (-2.1055176420452737+0.02191435627881174j)    -2.091070519749017    -2.0842452788900454    -2.226979725320532    -2.0840629318590183
0.9302002558084155    -2.0839356356450693    -1.9757006727788233    -2.0839356356450693    (-2.087368449035365+0.048159699923155365j)    -2.1017174386745126    -2.1409401642572905    -2.1995933019043905    -2.0840629318590183
0.9302002558084155    -2.0839356356450693    -1.9757006727788233    -2.0839356356450693    (-2.0824504283281633+0.045706539949073095j)    -2.066804824584994    -2.0486152037154066    -2.03175670302888    -2.0840629318590183
0.9302002558084155    -2.0839356356450693    -1.9757006727788233    -2.0839356356450693    (-2.0553730055352033-0.03576738742207693j)    -2.085853178264791    -2.07454641843865    -2.073853347731908    -2.0840629318590183
0.9302002558084155    -2.0839356356450693    -1.9757006727788233    -2.0839356356450693    (-2.0989025164124198-0.00404751411107477j)    -2.0892871246542883    -2.077767730428451    -2.04803151844037    -2.0840629318590183
0.9302002558084155    -2.0839356356450693    -1.9757006727788233    -2.0839356356450693    (-2.051275930679392+0.033016927351344566j)    -2.0959991403003464    -2.1555237631969018    -2.160897619911489    -2.0840629318590183
0.9302002558084155    -2.0839356356450693    -1.9757006727788233    -2.0839356356450693    (-2.092198989772541+0.038505807136214924j)    -2.1125181870952003    -2.1499172194062544    -2.138582883511836    -2.0840629318590183
0.9302002558084155    -2.0839356356450693    -1.9757006727788233    -2.0839356356450693    (-2.116675743588374-0.02585238804985088j)    -2.0481605100063147    -2.144216942280705    -2.1054397064524353    -2.0840629318590183
0.9302002558084155    -2.0839356356450693    -1.9757006727788233    -2.0839356356450693    (-2.071597380882945-0.016835530090062556j)    -2.0697212583916778    -2.2280825642309936    -1.9576514843818462    -2.0840629318590183
0.9302002558084155    -2.0839356356450693    -1.9757006727788233    -2.0839356356450693    (-2.0753986664615436-0.0282595566307911j)    -2.0796088615649775    -2.0994943254583402    -2.110662735953131    -2.0840629318590183
0.9302002558084155    -2.0839356356450693    -1.9757006727788233    -2.0839356356450693    (-2.061388085505432-0.028810860054179686j)    -2.1033529040690673    -1.948200693105629    -1.9227972649871157    -2.0840629318590183
0.9302002558084155    -2.0839356356450693    -1.9757006727788233    -2.0839356356450693    (-2.083774830342124+0.0014598222377937317j)    -2.077335802945957    -2.075313510193718    -2.13467650970096    -2.0840629318590183
0.9302002558084155    -2.0839356356450693    -1.9757006727788233    -2.0839356356450693    (-2.08598597126211+0.06323373458606486j)    -2.0897919920814942    -2.002847085328108    -2.2090375431421547    -2.0840629318590183
0.9302002558084155    -2.0839356356450693    -1.9757006727788233    -2.0839356356450693    (-2.127926882188759+0.004073370772527233j)    -2.107471532813081    -2.1749046386318547    -2.015887163357796    -2.0840629318590183
0.9302002558084155    -2.0839356356450693    -1.9757006727788233    -2.0839356356450693    (-2.067774729390268+0.03687907600251599j)    -2.092298332910463    -1.991672849964836    -2.1053610823459077    -2.0840629318590183
0.9302002558084155    -2.0839356356450693    -1.9757006727788233    -2.0839356356450693    (-2.0907465515775185-0.009621576611576381j)    -2.0838854878535007    -2.008368012679781    -2.154194369330906    -2.0840629318590183
0.9302002558084155    -2.0839356356450693    -1.9757006727788233    -2.0839356356450693    (-2.0582998496626526-0.007857193204163627j)    -2.0711041204738163    -2.026793294678468    -2.025363596648058    -2.0840629318590183
0.9302002558084155    -2.0839356356450693    -1.9757006727788233    -2.0839356356450693    (-2.0581842097925125+0.0190981820389391j)    -2.0795134698836133    -2.0442441547958965    -2.074350570438394    -2.0840629318590183
0.9302002558084155    -2.0839356356450693    -1.9757006727788233    -2.0839356356450693    (-2.0317384653795534-0.00894175745282531j)    -2.0736232093031295    -2.153383591480529    -2.1682672634204097    -2.0840629318590183
0.9302002558084155    -2.0839356356450693    -1.9757006727788233    -2.0839356356450693    (-2.100907325421866-0.0175065657835191j)    -2.0847389453664356    -2.000513922772014    -2.0764840751240974    -2.0840629318590183
0.9302002558084155    -2.0839356356450693    -1.9757006727788233    -2.0839356356450693    (-2.1017731063198695+0.014358896169789288j)    -2.0867481081364696    -2.1651017701845765    -2.1160678496999594    -2.0840629318590183
0.9302002558084155    -2.0839356356450693    -1.9757006727788233    -2.0839356356450693    (-2.075765250072415-0.0019085195490009285j)    -2.0509250030476314    -1.9986068740721679    -2.08612188664402    -2.0840629318590183
0.9302002558084155    -2.0839356356450693    -1.9757006727788233    -2.0839356356450693    (-2.0942488507793797+0.10336159139483794j)    -2.118497436862753    -2.0914527781260235    -2.155726558050418    -2.0840629318590183
0.9302002558084155    -2.0839356356450693    -1.9757006727788233    -2.0839356356450693    (-2.0971624332500176-0.05176393163505428j)    -2.0789065069123556    -2.0747557715812226    -1.8964776935399124    -2.0840629318590183
0.9302002558084155    -2.0839356356450693    -1.9757006727788233    -2.0839356356450693    (-2.1070135477946854+0.01628585159428852j)    -2.07240742105846    -2.163207146329387    -2.1828537036367726    -2.0840629318590183
0.9302002558084155    -2.0839356356450693    -1.9757006727788233    -2.0839356356450693    (-2.105896207406159-0.0011181865146503984j)    -2.0808620216836387    -2.1401747513471254    -2.1573053615374507    -2.0840629318590183
0.9302002558084155    -2.0839356356450693    -1.9757006727788233    -2.0839356356450693    (-2.094406458165427-0.0012318124587460933j)    -2.096976408632618    -2.0570519266983607    -1.9422319797231675    -2.0840629318590183
0.9302002558084155    -2.0839356356450693    -1.9757006727788233    -2.0839356356450693    (-2.1134892909114433-0.02756517050140827j)    -2.098734513272419    -1.9924650222875633    -2.0493398440168322    -2.0840629318590183
0.9302002558084155    -2.0839356356450693    -1.9757006727788233    -2.0839356356450693    (-2.084603936573845+0.014408044842076506j)    -2.0627401221107284    -2.0384067204991796    -1.9693958070029107    -2.0840629318590183
0.9302002558084155    -2.0839356356450693    -1.9757006727788233    -2.0839356356450693    (-2.0895318987620497-0.042856595595180964j)    -2.1014038234215207    -2.053996979298567    -2.0297182507403835    -2.0840629318590183
0.9302002558084155    -2.0839356356450693    -1.9757006727788233    -2.0839356356450693    (-2.1038820044420987-0.005448713636922345j)    -2.0777511165177502    -2.1600183075823924    -2.143992939560933    -2.0840629318590183
0.9302002558084155    -2.0839356356450693    -1.9757006727788233    -2.0839356356450693    (-2.0788788712399042-0.018345264753928607j)    -2.0781737614197544    -2.0877057413770936    -2.205510578932015    -2.0840629318590183
0.9302002558084155    -2.0839356356450693    -1.9757006727788233    -2.0839356356450693    (-2.0547346647892906-0.03160674068018302j)    -2.095108127450837    -1.9712704184664065    -2.1372578343879254    -2.0840629318590183
0.9302002558084155    -2.0839356356450693    -1.9757006727788233    -2.0839356356450693    (-2.072394246042636+0.050240897561203056j)    -2.108081547418333    -2.073052540253463    -1.8887785815992018    -2.0840629318590183
0.9302002558084155    -2.0839356356450693    -1.9757006727788233    -2.0839356356450693    (-2.0848171766440693-0.0026404322321351304j)    -2.068596210172164    -2.162227974018934    -1.9555834819932585    -2.0840629318590183
0.9302002558084155    -2.0839356356450693    -1.9757006727788233    -2.0839356356450693    (-2.1127106077348015+0.026186579450287826j)    -2.087248937530442    -2.0696822712850294    -2.035737751674562    -2.0840629318590183
0.9302002558084155    -2.0839356356450693    -1.9757006727788233    -2.0839356356450693    (-2.084128472768303-0.0017606435809892538j)    -2.0594621106710296    -2.122454459532023    -1.949002709430323    -2.0840629318590183
0.9302002558084155    -2.0839356356450693    -1.9757006727788233    -2.0839356356450693    (-2.122191755985498+0.014657700939390245j)    -2.0880557778344246    -2.1396343784963907    -2.030199385910754    -2.0840629318590183
0.9302002558084155    -2.0839356356450693    -1.9757006727788233    -2.0839356356450693    (-2.080197867791182+0.04510492030521151j)    -2.0489836352282955    -1.9629649463852523    -2.131745909043935    -2.0840629318590183
0.9302002558084155    -2.0839356356450693    -1.9757006727788233    -2.0839356356450693    (-2.0736714316250646-0.0389904709946052j)    -2.083072369628796    -2.017324085036944    -2.169271073519855    -2.0840629318590183
0.9302002558084155    -2.0839356356450693    -1.9757006727788233    -2.0839356356450693    (-2.089787260773721+0.018517123441661516j)    -2.10555563321538    -2.0113302509356985    -2.0360656708842626    -2.0840629318590183
0.9302002558084155    -2.0839356356450693    -1.9757006727788233    -2.0839356356450693    (-2.067813358952698-0.035150165051199306j)    -2.0544974394858113    -2.1162992421225275    -2.072337727869028    -2.0840629318590183
0.9302002558084155    -2.0839356356450693    -1.9757006727788233    -2.0839356356450693    (-2.0744674094571356+0.025208211727467265j)    -2.0794431436312393    -2.0628122952808203    -2.2087902975406606    -2.0840629318590183
0.9302002558084155    -2.0839356356450693    -1.9757006727788233    -2.0839356356450693    (-2.068229422131-0.044282944315902156j)    -2.093252148704912    -2.050837880462545    -2.0457268018985046    -2.0840629318590183
0.9302002558084155    -2.0839356356450693    -1.9757006727788233    -2.0839356356450693    (-2.09204566801794-0.014747782450196504j)    -2.0860662425848138    -2.0833531412503286    -2.1799984799594045    -2.0840629318590183
0.9302002558084155    -2.0839356356450693    -1.9757006727788233    -2.0839356356450693    (-2.104877617198001-0.028616513732409185j)    -2.061382936678728    -2.094528718412183    -2.0921168261554404    -2.0840629318590183
0.9302002558084155    -2.0839356356450693    -1.9757006727788233    -2.0839356356450693    (-2.119600041599111+0.07298448696103077j)    -2.0771433420437106    -2.071433410392862    -2.0676042695334793    -2.0840629318590183
0.9302002558084155    -2.0839356356450693    -1.9757006727788233    -2.0839356356450693    (-2.0959240262179337-0.006875991190820817j)    -2.0513555816069613    -2.0737869969178915    -2.077766921638215    -2.0840629318590183
0.9302002558084155    -2.0839356356450693    -1.9757006727788233    -2.0839356356450693    (-2.0860887901851135+0.013200106425332578j)    -2.1027695487430913    -2.1199835745613003    -2.0047917870944754    -2.0840629318590183
0.9302002558084155    -2.0839356356450693    -1.9757006727788233    -2.0839356356450693    (-2.0984904229576795+0.014794071139428164j)    -2.1038118336056137    -2.0111359732020753    -1.9844700906179384    -2.0840629318590183
0.9302002558084155    -2.0839356356450693    -1.9757006727788233    -2.0839356356450693    (-2.1077366892468157+0.04878503999297468j)    -2.0747207404136723    -2.061059607721082    -2.1130815110064747    -2.0840629318590183
0.9302002558084155    -2.0839356356450693    -1.9757006727788233    -2.0839356356450693    (-2.1403085418713665-0.026752891889275574j)    -2.069471606404445    -2.128453724534307    -2.071473412984808    -2.0840629318590183
0.9302002558084155    -2.0839356356450693    -1.9757006727788233    -2.0839356356450693    (-2.0845259993819294+0.02202078508346186j)    -2.070009664895399    -2.048864460402046    -2.067925694068627    -2.0840629318590183
0.9302002558084155    -2.0839356356450693    -1.9757006727788233    -2.0839356356450693    (-2.1064424135631903+0.025068166854210445j)    -2.0944135094965235    -2.030020663959211    -2.0388052540172317    -2.0840629318590183
0.9302002558084155    -2.0839356356450693    -1.9757006727788233    -2.0839356356450693    (-2.0510560780988643-0.045699547474743626j)    -2.103494729145927    -2.18308106746724    -2.1806736126324755    -2.0840629318590183
0.9302002558084155    -2.0839356356450693    -1.9757006727788233    -2.0839356356450693    (-2.0727220528239734-0.010010364443804045j)    -2.084583649361581    -2.074755221674268    -2.0174400420828325    -2.0840629318590183
0.9302002558084155    -2.0839356356450693    -1.9757006727788233    -2.0839356356450693    (-2.11050253849532-0.005272766188612029j)    -2.0958694170312646    -2.1103166237868347    -2.127271707845854    -2.0840629318590183
