c0    e_fci    e_hf    ansatz_energy    HF+CS    HF+meas_diag    pauli_all    pauli_qbw    CCSD
0.9952140698922084    -1.6531169519401079    -1.6286097030298992    -1.6531169519401079    (-1.6731307951988492-0.018097464430926472j)    -1.6316740723283598    -1.5929495481084623    -1.669583748009182    -1.6531113821916021
c0    e_fci    e_hf    ansatz_energy    HF+CS    HF+meas_diag    pauli_all    pauli_qbw    CCSD
0.9952140698922084    -1.6531169519401079    -1.6286097030298992    -1.6531169519401079    (-1.6600766380492475-0.038031448300404315j)    -1.665667096675738    -1.6678612320182382    -1.742552880666433    -1.6531113821916021
0.9952140698922084    -1.6531169519401079    -1.6286097030298992    -1.6531169519401079    (-1.6525443464345169+0.017977427951743202j)    -1.6715083178236645    -1.714623513428459    -1.669076486694745    -1.6531113821916021
0.9952140698922084    -1.6531169519401079    -1.6286097030298992    -1.6531169519401079    (-1.6559610632566362+0.048825422835677146j)    -1.664216619099543    -1.6746871330622646    -1.7481496543771877    -1.6531113821916021
0.9952140698922084    -1.6531169519401079    -1.6286097030298992    -1.6531169519401079    (-1.6683312580416454+0.017123874508041714j)    -1.6521720627859149    -1.7125246224608857    -1.5942273061181256    -1.6531113821916021
0.9952140698922084    -1.6531169519401079    -1.6286097030298992    -1.6531169519401079    (-1.645895766434932-0.003174336021614143j)    -1.6731487557302378    -1.66533152569464    -1.6307470114947038    -1.6531113821916021
0.9952140698922084    -1.6531169519401079    -1.6286097030298992    -1.6531169519401079    (-1.6489801707536684+0.03021142030349239j)    -1.673358106314375    -1.6964931557120153    -1.622228210777118    -1.6531113821916021
0.9952140698922084    -1.6531169519401079    -1.6286097030298992    -1.6531169519401079    (-1.7033010816550636+0.00874890483131419j)    -1.6431377083697045    -1.6375523127754363    -1.7121308216459468    -1.6531113821916021
0.9952140698922084    -1.6531169519401079    -1.6286097030298992    -1.6531169519401079    (-1.687353457971331-0.030824619437350174j)    -1.6530366196282513    -1.672093328978927    -1.6672824889424112    -1.6531113821916021
0.9952140698922084    -1.6531169519401079    -1.6286097030298992    -1.6531169519401079    (-1.654427191297883-0.045853296857200444j)    -1.6373166005650168    -1.710989367016639    -1.6439690618148635    -1.6531113821916021
0.9952140698922084    -1.6531169519401079    -1.6286097030298992    -1.6531169519401079    (-1.6620298980686372-0.006914949274812796j)    -1.6378531534762546    -1.6545945647641134    -1.5872800815855355    -1.6531113821916021
0.9952140698922084    -1.6531169519401079    -1.6286097030298992    -1.6531169519401079    (-1.6665610401379827-0.05245898335634975j)    -1.6442368314816398    -1.6954563207619597    -1.6118650729290402    -1.6531113821916021
0.9952140698922084    -1.6531169519401079    -1.6286097030298992    -1.6531169519401079    (-1.6522470669871723-0.013255403401646437j)    -1.6575451174388482    -1.6529652466045768    -1.5834639509793296    -1.6531113821916021
0.9952140698922084    -1.6531169519401079    -1.6286097030298992    -1.6531169519401079    (-1.6528188360880265-0.031459286624887825j)    -1.6505755986854598    -1.6579799706561733    -1.8221914463325535    -1.6531113821916021
0.9952140698922084    -1.6531169519401079    -1.6286097030298992    -1.6531169519401079    (-1.6498920742033132+0.013692251024826324j)    -1.6693744876294445    -1.6576509251344769    -1.5975762095592843    -1.6531113821916021
0.9952140698922084    -1.6531169519401079    -1.6286097030298992    -1.6531169519401079    (-1.6448103228726314-0.0029157171057827046j)    -1.6414046816231604    -1.6052532057391837    -1.6808417458363947    -1.6531113821916021
0.9952140698922084    -1.6531169519401079    -1.6286097030298992    -1.6531169519401079    (-1.6340740547615429+0.0042926054342150985j)    -1.6250699723613529    -1.630796755298107    -1.8155371328427319    -1.6531113821916021
0.9952140698922084    -1.6531169519401079    -1.6286097030298992    -1.6531169519401079    (-1.6958933508692529+0.011637849799381495j)    -1.6315295528517804    -1.6479485200469612    -1.7197074479852836    -1.6531113821916021
0.9952140698922084    -1.6531169519401079    -1.6286097030298992    -1.6531169519401079    (-1.6339708426826947-0.006564485317486978j)    -1.6475024254230992    -1.674646167364786    -1.692604518778437    -1.6531113821916021
0.9952140698922084    -1.6531169519401079    -1.6286097030298992    -1.6531169519401079    (-1.6512360044294678+0.02019829673974483j)    -1.661902582203797    -1.6354258854028771    -1.7348243813044337    -1.6531113821916021
0.9952140698922084    -1.6531169519401079    -1.6286097030298992    -1.6531169519401079    (-1.6843837675416786+0.0035013353072184264j)    -1.6344960367071066    -1.6102613755283721    -1.7094211060262081    -1.6531113821916021
0.9952140698922084    -1.6531169519401079    -1.6286097030298992    -1.6531169519401079    (-1.6210144029060432-0.007514467791722886j)    -1.6349887341600147    -1.7213956131627854    -1.6046917016912685    -1.6531113821916021
0.9952140698922084    -1.6531169519401079    -1.6286097030298992    -1.6531169519401079    (-1.6575979119598816-0.07801018466427176j)    -1.6367250105861684    -1.6829655380274124    -1.635798142231761    -1.6531113821916021
0.9952140698922084    -1.6531169519401079    -1.6286097030298992    -1.6531169519401079    (-1.6537225548906842+0.018913646272995608j)    -1.635982771443932    -1.6465836261930962    -1.8107044450503929    -1.6531113821916021
0.9952140698922084    -1.6531169519401079    -1.6286097030298992    -1.6531169519401079    (-1.6676922663007292+0.029830282553808547j)    -1.6458380053921227    -1.7231834262643069    -1.732287231967431    -1.6531113821916021
0.9952140698922084    -1.6531169519401079    -1.6286097030298992    -1.6531169519401079    (-1.6502560262466202+0.002298822490163196j)    -1.6648575525903788    -1.6423676782292043    -1.5670871670477016    -1.6531113821916021
0.9952140698922084    -1.6531169519401079    -1.6286097030298992    -1.6531169519401079    (-1.6185101564826614-0.018730884574282968j)    -1.6540660719370783    -1.6626871451914371    -1.476834908768897    -1.6531113821916021
0.9952140698922084    -1.6531169519401079    -1.6286097030298992    -1.6531169519401079    (-1.6752292991291746+0.02239661095115437j)    -1.6443256851981392    -1.6032262111135152    -1.7615123406527589    -1.6531113821916021
0.9952140698922084    -1.6531169519401079    -1.6286097030298992    -1.6531169519401079    (-1.6621355535790185+0.0166341737663537j)    -1.6524290048073889    -1.6642208714738007    -1.6646819722195243    -1.6531113821916021
0.9952140698922084    -1.6531169519401079    -1.6286097030298992    -1.6531169519401079    (-1.6351228385336791+0.03020534950313959j)    -1.659656975156988    -1.6634558305900968    -1.6158715581675545    -1.6531113821916021
0.9952140698922084    -1.6531169519401079    -1.6286097030298992    -1.6531169519401079    (-1.6541040507718643-0.018442508887164494j)    -1.6423847846380792    -1.6691430806071486    -1.770420374599852    -1.6531113821916021
0.9952140698922084    -1.6531169519401079    -1.6286097030298992    -1.6531169519401079    (-1.6324798362405277+0.04490682160378962j)    -1.651612653825635    -1.719569379931261    -1.6757730768982146    -1.6531113821916021
0.9952140698922084    -1.6531169519401079    -1.6286097030298992    -1.6531169519401079    (-1.6707624802872092-0.02003305689792412j)    -1.6295376384546822    -1.6167194728916687    -1.839730234777015    -1.6531113821916021
0.9952140698922084    -1.6531169519401079    -1.6286097030298992    -1.6531169519401079    (-1.664634969064233-0.00955821386569104j)    -1.645679957609567    -1.647212376309717    -1.7947201783959799    -1.6531113821916021
0.9952140698922084    -1.6531169519401079    -1.6286097030298992    -1.6531169519401079    (-1.6515756479327082+0.022709114045079453j)    -1.649315217999483    -1.6794403735504935    -1.509572913639999    -1.6531113821916021
0.9952140698922084    -1.6531169519401079    -1.6286097030298992    -1.6531169519401079    (-1.631948018790269+0.004233280580271714j)    -1.6407541601828668    -1.646405679335153    -1.6839925882988407    -1.6531113821916021
0.9952140698922084    -1.6531169519401079    -1.6286097030298992    -1.6531169519401079    (-1.6340558570176988+0.03346992146532904j)    -1.6401750466171625    -1.6891573577203962    -1.6622463657643218    -1.6531113821916021
0.9952140698922084    -1.6531169519401079    -1.6286097030298992    -1.6531169519401079    (-1.657620887220255-0.021905927433201095j)    -1.6452611249757856    -1.6204557556137038    -1.7437172475932243    -1.6531113821916021
0.9952140698922084    -1.6531169519401079    -1.6286097030298992    -1.6531169519401079    (-1.6270285694750282+0.03951118031637491j)    -1.6621497847589046    -1.5685896984829577    -1.6486394222677465    -1.6531113821916021
0.9952140698922084    -1.6531169519401079    -1.6286097030298992    -1.6531169519401079    (-1.6846525589054655-0.010267755026686672j)    -1.63390478175478    -1.640451201369487    -1.710734177766595    -1.6531113821916021
0.9952140698922084    -1.6531169519401079    -1.6286097030298992    -1.6531169519401079    (-1.6831463850635227+0.007339264766380286j)    -1.6517527756329147    -1.6723089896596541    -1.6665358386831537    -1.6531113821916021
0.9952140698922084    -1.6531169519401079    -1.6286097030298992    -1.6531169519401079    (-1.6901722478596686+0.03057442764513584j)    -1.649933817154269    -1.655233693865036    -1.7194106276826415    -1.6531113821916021
0.9952140698922084    -1.6531169519401079    -1.6286097030298992    -1.6531169519401079    (-1.6546711670145133-0.0033720459976032775j)    -1.6396530111316707    -1.6902395113333828    -1.7903971026314187    -1.6531113821916021
0.9952140698922084    -1.6531169519401079    -1.6286097030298992    -1.6531169519401079    (-1.6468633866803333-0.021649532955963217j)    -1.6651608830041722    -1.672288548209955    -1.7849688711013694    -1.6531113821916021
0.9952140698922084    -1.6531169519401079    -1.6286097030298992    -1.6531169519401079    (-1.6248597813013985+0.0037032567496484347j)    -1.6582251642428483    -1.6546418064006463    -1.5768783352681977    -1.6531113821916021
0.9952140698922084    -1.6531169519401079    -1.6286097030298992    -1.6531169519401079    (-1.6502540058493236-0.021930310337325398j)    -1.6480181656084998    -1.6994748518236278    -1.6709627343390558    -1.6531113821916021
0.9952140698922084    -1.6531169519401079    -1.6286097030298992    -1.6531169519401079    (-1.6708726955091897+0.001997510062954975j)    -1.6707847797771338    -1.6726881564042253    -1.67684774574469    -1.6531113821916021
0.9952140698922084    -1.6531169519401079    -1.6286097030298992    -1.6531169519401079    (-1.6275201323137158-0.022260994443591205j)    -1.6519598303322507    -1.6209401704067263    -1.7588977478135879    -1.6531113821916021
0.9952140698922084    -1.6531169519401079    -1.6286097030298992    -1.6531169519401079    (-1.6625746700989135+0.03629068183129733j)    -1.634313340558047    -1.6358753265796548    -1.614927970727704    -1.6531113821916021
0.9952140698922084    -1.6531169519401079    -1.6286097030298992    -1.6531169519401079    (-1.651504818890655+0.014954475371803897j)    -1.6237747416862915    -1.6461177601780748    -1.853263685632131    -1.6531113821916021
0.9952140698922084    -1.6531169519401079    -1.6286097030298992    -1.6531169519401079    (-1.677671270765988+0.0017495133296474936j)    -1.6502010468095845    -1.598014930016054    -1.5839962409421282    -1.6531113821916021
0.9952140698922084    -1.6531169519401079    -1.6286097030298992    -1.6531169519401079    (-1.6456613938604199+0.027019777657792697j)    -1.6574481298305748    -1.645820270614238    -1.6404768876405882    -1.6531113821916021
0.9952140698922084    -1.6531169519401079    -1.6286097030298992    -1.6531169519401079    (-1.6522751892927643+0.01504422403107582j)    -1.6506875151819291    -1.6511166044220436    -1.5218590717206035    -1.6531113821916021
0.9952140698922084    -1.6531169519401079    -1.6286097030298992    -1.6531169519401079    (-1.6960681974057896-0.04117255242240806j)    -1.6581382405951455    -1.685929715484603    -1.6487929299332245    -1.6531113821916021
0.9952140698922084    -1.6531169519401079    -1.6286097030298992    -1.6531169519401079    (-1.6411439021669674+0.007278907485383458j)    -1.669314528619485    -1.5966170507957034    -1.76519887060906    -1.6531113821916021
0.9952140698922084    -1.6531169519401079    -1.6286097030298992    -1.6531169519401079    (-1.6362574565329546+0.022254314197105825j)    -1.6650967069243765    -1.6268613917037753    -1.7561168952780204    -1.6531113821916021
0.9952140698922084    -1.6531169519401079    -1.6286097030298992    -1.6531169519401079    (-1.6659363626209966+0.0016652493072537332j)    -1.6725223608293867    -1.689110762369199    -1.6655245046850973    -1.6531113821916021
0.9952140698922084    -1.6531169519401079    -1.6286097030298992    -1.6531169519401079    (-1.6428654116960484-0.07417008846923802j)    -1.6582756514150558    -1.680418550278138    -1.6850180345149188    -1.6531113821916021
0.9952140698922084    -1.6531169519401079    -1.6286097030298992    -1.6531169519401079    (-1.6525451243817815-0.0002696305890103859j)    -1.6373528123717387    -1.6002515675588254    -1.8917468823211265    -1.6531113821916021
0.9952140698922084    -1.6531169519401079    -1.6286097030298992    -1.6531169519401079    (-1.6745601874754978+0.05222799841221228j)    -1.673883318432133    -1.6209977996819598    -1.608742974428269    -1.6531113821916021
0.9952140698922084    -1.6531169519401079    -1.6286097030298992    -1.6531169519401079    (-1.672124294231722+0.01979194516218621j)    -1.6620991559474263    -1.6856868790010344    -1.613717519145752    -1.6531113821916021
0.9952140698922084    -1.6531169519401079    -1.6286097030298992    -1.6531169519401079    (-1.6605465178380603+0.013067652574319683j)    -1.637755641307314    -1.6890999206842108    -1.5327935850779657    -1.6531113821916021
0.9952140698922084    -1.6531169519401079    -1.6286097030298992    -1.6531169519401079    (-1.6859004095906822-0.007818002094509491j)    -1.6640247712176857    -1.752708693829301    -1.642332051473424    -1.6531113821916021
0.9952140698922084    -1.6531169519401079    -1.6286097030298992    -1.6531169519401079    (-1.6148343782979002+0.021736772785166128j)    -1.6596353543961944    -1.6585977028249859    -1.5154498060312713    -1.6531113821916021
0.9952140698922084    -1.6531169519401079    -1.6286097030298992    -1.6531169519401079    (-1.6651041507786202+0.04983510296210049j)    -1.6327872503544572    -1.667176654047755    -1.6378968695147356    -1.6531113821916021
0.9952140698922084    -1.6531169519401079    -1.6286097030298992    -1.6531169519401079    (-1.6215953282832363+0.011236988328833618j)    -1.6445925993765784    -1.6703603082981422    -1.7186545834953373    -1.6531113821916021
0.9952140698922084    -1.6531169519401079    -1.6286097030298992    -1.6531169519401079    (-1.6420028277984644-0.020877655559813333j)    -1.658559147557411    -1.6174354559112267    -1.7154263016364848    -1.6531113821916021
0.9952140698922084    -1.6531169519401079    -1.6286097030298992    -1.6531169519401079    (-1.672257537792759+0.03731806679002707j)    -1.6693821898193846    -1.6564377761669589    -1.4773021387635903    -1.6531113821916021
0.9952140698922084    -1.6531169519401079    -1.6286097030298992    -1.6531169519401079    (-1.6234374820989252+0.04161062859511209j)    -1.6461665916007808    -1.6844793675425214    -1.804164383466464    -1.6531113821916021
0.9952140698922084    -1.6531169519401079    -1.6286097030298992    -1.6531169519401079    (-1.6717013518396027+0.037455936136242436j)    -1.6633014384317222    -1.6320048014048973    -1.5496139269832263    -1.6531113821916021
0.9952140698922084    -1.6531169519401079    -1.6286097030298992    -1.6531169519401079    (-1.6216832312420424+0.02607639322167839j)    -1.6505697816680638    -1.6343897116313495    -1.74100870750987    -1.6531113821916021
0.9952140698922084    -1.6531169519401079    -1.6286097030298992    -1.6531169519401079    (-1.6586278102918908+0.014590091694265435j)    -1.6493608235257415    -1.6948464817875337    -1.566591928706194    -1.6531113821916021
0.9952140698922084    -1.6531169519401079    -1.6286097030298992    -1.6531169519401079    (-1.6306086354519755-0.025021829419628487j)    -1.663566277399122    -1.6175807363086145    -1.5897798127558234    -1.6531113821916021
0.9952140698922084    -1.6531169519401079    -1.6286097030298992    -1.6531169519401079    (-1.6424822741696066-0.02449306881333048j)    -1.630811618291679    -1.6112874252111424    -1.61901354899342    -1.6531113821916021
0.9952140698922084    -1.6531169519401079    -1.6286097030298992    -1.6531169519401079    (-1.6576168477626108-0.06656802535117523j)    -1.6708958521554222    -1.6028618070826235    -1.7751260864140985    -1.6531113821916021
0.9952140698922084    -1.6531169519401079    -1.6286097030298992    -1.6531169519401079    (-1.7041013473299724+0.025138395642012465j)    -1.6569106719958266    -1.6724079629323543    -1.8031416035154257    -1.6531113821916021
0.9952140698922084    -1.6531169519401079    -1.6286097030298992    -1.6531169519401079    (-1.6446974606478444-0.10032883569812795j)    -1.6705248977244647    -1.662772089786431    -1.7307615062052513    -1.6531113821916021
0.9952140698922084    -1.6531169519401079    -1.6286097030298992    -1.6531169519401079    (-1.6724366634834713+0.009829095701773219j)    -1.6527642394716708    -1.7357393942649282    -1.7761399675457281    -1.6531113821916021
0.9952140698922084    -1.6531169519401079    -1.6286097030298992    -1.6531169519401079    (-1.6636186179558983-0.012168555814686687j)    -1.6572702116792257    -1.6134046006310592    -1.7536842588580792    -1.6531113821916021
0.9952140698922084    -1.6531169519401079    -1.6286097030298992    -1.6531169519401079    (-1.6462973221411195+0.035154958702224154j)    -1.6461996790934383    -1.6673416372822085    -1.6424008617805559    -1.6531113821916021
0.9952140698922084    -1.6531169519401079    -1.6286097030298992    -1.6531169519401079    (-1.6482754258932388-0.051857081070964574j)    -1.6614624546014658    -1.6602246590848706    -1.720407540367906    -1.6531113821916021
0.9952140698922084    -1.6531169519401079    -1.6286097030298992    -1.6531169519401079    (-1.6615121258343086+0.0031109953248418575j)    -1.6414790205171335    -1.638752773491412    -1.6925836894512976    -1.6531113821916021
0.9952140698922084    -1.6531169519401079    -1.6286097030298992    -1.6531169519401079    (-1.6637970024770545+0.0021032182703494655j)    -1.6492224054934521    -1.6411117863816094    -1.651643183251143    -1.6531113821916021
0.9952140698922084    -1.6531169519401079    -1.6286097030298992    -1.6531169519401079    (-1.6422312956135114-0.02448785635846526j)    -1.6690360877881845    -1.677412427818871    -1.6553431257444229    -1.6531113821916021
0.9952140698922084    -1.6531169519401079    -1.6286097030298992    -1.6531169519401079    (-1.6592980810634137-0.04839727670391954j)    -1.6627229553964473    -1.5885526523319475    -1.5790773127789122    -1.6531113821916021
0.9952140698922084    -1.6531169519401079    -1.6286097030298992    -1.6531169519401079    (-1.6529350369358031-0.07419721969149373j)    -1.643448925272011    -1.5996651239097301    -1.7208394203362143    -1.6531113821916021
0.9952140698922084    -1.6531169519401079    -1.6286097030298992    -1.6531169519401079    (-1.6414745103639852-0.03252601969001139j)    -1.6379588930105982    -1.6595018172826375    -1.706940229474174    -1.6531113821916021
0.9952140698922084    -1.6531169519401079    -1.6286097030298992    -1.6531169519401079    (-1.6557500841275088+0.004279418160767133j)    -1.6456802647544266    -1.6292827026302688    -1.7161616157093242    -1.6531113821916021
0.9952140698922084    -1.6531169519401079    -1.6286097030298992    -1.6531169519401079    (-1.6053481832492331-0.03357693225582415j)    -1.6317374658829857    -1.592803744482834    -1.6340865074029296    -1.6531113821916021
0.9952140698922084    -1.6531169519401079    -1.6286097030298992    -1.6531169519401079    (-1.6654729574913827-0.0037351872771394937j)    -1.6720795082629427    -1.6460151293516638    -1.7539134742588902    -1.6531113821916021
0.9952140698922084    -1.6531169519401079    -1.6286097030298992    -1.6531169519401079    (-1.6272604554965757+0.06724333882760436j)    -1.6431874542006244    -1.7158843376937236    -1.649536021414429    -1.6531113821916021
0.9952140698922084    -1.6531169519401079    -1.6286097030298992    -1.6531169519401079    (-1.6621677982311376+0.06647479443767518j)    -1.6557940779789126    -1.600647329174088    -1.5771354575199037    -1.6531113821916021
0.9952140698922084    -1.6531169519401079    -1.6286097030298992    -1.6531169519401079    (-1.6644834650294016-0.023927595960136393j)    -1.627083612988145    -1.6817425698100832    -1.6144560866476056    -1.6531113821916021
0.9952140698922084    -1.6531169519401079    -1.6286097030298992    -1.6531169519401079    (-1.6663289730955237-0.004598734606428494j)    -1.6430518049701857    -1.6029548641908102    -1.697832424446969    -1.6531113821916021
0.9952140698922084    -1.6531169519401079    -1.6286097030298992    -1.6531169519401079    (-1.6624895748062722-0.004608535513283844j)    -1.6546786730836502    -1.5765466028990824    -1.5217270841904769    -1.6531113821916021
0.9952140698922084    -1.6531169519401079    -1.6286097030298992    -1.6531169519401079    (-1.6433472746892683+0.011190833466108574j)    -1.663360320579829    -1.6491651899004123    -1.6858950270006454    -1.6531113821916021
0.9952140698922084    -1.6531169519401079    -1.6286097030298992    -1.6531169519401079    (-1.6742869925445412+0.03475013475234568j)    -1.6356042041118817    -1.6693838054716916    -1.7461774989328787    -1.6531113821916021
0.9952140698922084    -1.6531169519401079    -1.6286097030298992    -1.6531169519401079    (-1.6191543836666045+0.00400855118820963j)    -1.6550050120430193    -1.630450791021405    -1.693459003866593    -1.6531113821916021
0.9952140698922084    -1.6531169519401079    -1.6286097030298992    -1.6531169519401079    (-1.6582715930746754+0.026547661004499106j)    -1.6422033450536335    -1.7047837258928522    -1.718560493962867    -1.6531113821916021
0.9952140698922084    -1.6531169519401079    -1.6286097030298992    -1.6531169519401079    (-1.6495826753974534-0.024804621601332094j)    -1.6695075319882717    -1.695253932109357    -1.6207954737726018    -1.6531113821916021
