c0    e_fci    e_hf    ansatz_energy    HF+CS    HF+meas_diag    pauli_all    pauli_qbw    CCSD
-0.6941000041764832    -1.8977806459898723    -1.5756164767018657    -1.8977806459898723    (-1.8856817252642775-0.10937715325893989j)    -1.8764570113242023    -1.9489103733868627    -1.8673555360432772    -1.9160861180398077
-0.6941000041764832    -1.8977806459898723    -1.5756164767018657    -1.8977806459898723    (-1.855931350053099+0.13720507581484537j)    -1.9108331347173972    -1.8565575037451345    -2.0337060535381615    -1.9160861180398077
-0.6941000041764832    -1.8977806459898723    -1.5756164767018657    -1.8977806459898723    (-1.9237221468897412+0.05363403580252353j)    -1.8585776129217582    -1.9449281770608067    -1.962006123380676    -1.9160861180398077
-0.6941000041764832    -1.8977806459898723    -1.5756164767018657    -1.8977806459898723    (-1.8549256062180755-0.10372182560426771j)    -1.8934365819730377    -1.8712790471270548    -1.9135209130690287    -1.9160861180398077
-0.6941000041764832    -1.8977806459898723    -1.5756164767018657    -1.8977806459898723    (-1.8588847075114892-0.002092937914282771j)    -1.898548529604171    -1.9454546729697473    -1.8649114215536229    -1.9160861180398077
-0.6941000041764832    -1.8977806459898723    -1.5756164767018657    -1.8977806459898723    (-1.9256636499389586-0.02035123940586263j)    -1.8800551467823787    -1.9816900234022052    -1.7805015853885084    -1.9160861180398077
-0.6941000041764832    -1.8977806459898723    -1.5756164767018657    -1.8977806459898723    (-1.9214848917729928+0.023109414043341867j)    -1.9557789278371525    -1.7898165301947973    -1.95376883330398    -1.9160861180398077
-0.6941000041764832    -1.8977806459898723    -1.5756164767018657    -1.8977806459898723    (-1.8468834466071649+0.012090559621530186j)    -1.8703924160998242    -1.8631761307265975    -1.898163001148315    -1.9160861180398077
-0.6941000041764832    -1.8977806459898723    -1.5756164767018657    -1.8977806459898723    (-1.8823345664910394+0.023794819349839926j)    -1.8971084575891792    -1.951008088290158    -1.8238265614605644    -1.9160861180398077
-0.6941000041764832    -1.8977806459898723    -1.5756164767018657    -1.8977806459898723    (-1.8229795431139157-0.04923756661984395j)    -1.8387830956097622    -1.830745212078574    -1.870717005261523    -1.9160861180398077
-0.6941000041764832    -1.8977806459898723    -1.5756164767018657    -1.8977806459898723    (-1.8772676650062816+0.05139084509732142j)    -1.9344993547141975    -1.8472068722651995    -2.026943035636887    -1.9160861180398077
-0.6941000041764832    -1.8977806459898723    -1.5756164767018657    -1.8977806459898723    (-1.8225252564291583-0.006403058860612348j)    -1.8439378776378685    -1.896752898300751    -1.8629996082827913    -1.9160861180398077
-0.6941000041764832    -1.8977806459898723    -1.5756164767018657    -1.8977806459898723    (-1.9104998983471742-0.03812069177275794j)    -1.8994446601659687    -1.8454338333201294    -2.001658125965863    -1.9160861180398077
-0.6941000041764832    -1.8977806459898723    -1.5756164767018657    -1.8977806459898723    (-1.9726384737653149-0.0030430610261140503j)    -1.8583259670427066    -2.00084888530006    -1.9159565376058758    -1.9160861180398077
-0.6941000041764832    -1.8977806459898723    -1.5756164767018657    -1.8977806459898723    (-1.848381395612907-0.0001500119541029864j)    -1.8850024758712678    -2.0427572186416665    -1.745163174470677    -1.9160861180398077
-0.6941000041764832    -1.8977806459898723    -1.5756164767018657    -1.8977806459898723    (-1.8818575842934582-0.048792639885487286j)    -1.9036263570250742    -1.831581724349587    -1.8372273610743108    -1.9160861180398077
-0.6941000041764832    -1.8977806459898723    -1.5756164767018657    -1.8977806459898723    (-1.8373177083332548+0.02362019660406752j)    -1.8837752405656327    -1.8599740345636047    -1.9487259955795238    -1.9160861180398077
-0.6941000041764832    -1.8977806459898723    -1.5756164767018657    -1.8977806459898723    (-1.9172102618082596+0.028381472886996488j)    -1.9293065232614053    -2.069126002050877    -1.8629495167744352    -1.9160861180398077
-0.6941000041764832    -1.8977806459898723    -1.5756164767018657    -1.8977806459898723    (-1.9162820615267009-0.0173012352540998j)    -1.8695626124427625    -1.91656263592924    -2.0093333353361937    -1.9160861180398077
-0.6941000041764832    -1.8977806459898723    -1.5756164767018657    -1.8977806459898723    (-1.8658471411488695-0.05754877237064338j)    -1.8912289739241888    -1.8512871091139993    -1.9367577856934322    -1.9160861180398077
-0.6941000041764832    -1.8977806459898723    -1.5756164767018657    -1.8977806459898723    (-1.8925005179626555+0.13003859420235675j)    -1.9056363871374957    -1.88938044299082    -1.9199069423658752    -1.9160861180398077
-0.6941000041764832    -1.8977806459898723    -1.5756164767018657    -1.8977806459898723    (-1.898362563379047-0.04891590609919006j)    -1.9519975464155572    -1.9042395370794496    -1.8686488277684514    -1.9160861180398077
-0.6941000041764832    -1.8977806459898723    -1.5756164767018657    -1.8977806459898723    (-1.9116273963735027-0.12628467510504074j)    -1.900819161561496    -1.8892728055498484    -1.8994483975469603    -1.9160861180398077
-0.6941000041764832    -1.8977806459898723    -1.5756164767018657    -1.8977806459898723    (-1.86882484022783-0.0046423539715907776j)    -1.8838790570391017    -1.8526097468582186    -1.901968147926558    -1.9160861180398077
-0.6941000041764832    -1.8977806459898723    -1.5756164767018657    -1.8977806459898723    (-1.9159559486593305+0.06366418045975314j)    -1.9235384902564603    -1.9487502741007279    -1.9280702027007908    -1.9160861180398077
-0.6941000041764832    -1.8977806459898723    -1.5756164767018657    -1.8977806459898723    (-1.940008256740128+0.03732631516215231j)    -1.8677244850600951    -1.9408042012064388    -1.859481260392495    -1.9160861180398077
-0.6941000041764832    -1.8977806459898723    -1.5756164767018657    -1.8977806459898723    (-1.884274295160884-0.07658019108728596j)    -1.9513088866398878    -1.9408328083871913    -1.8444794776955813    -1.9160861180398077
-0.6941000041764832    -1.8977806459898723    -1.5756164767018657    -1.8977806459898723    (-1.857324841522533+0.09295842595250432j)    -1.9645444333268411    -1.9054706987942034    -2.0023833998981915    -1.9160861180398077
-0.6941000041764832    -1.8977806459898723    -1.5756164767018657    -1.8977806459898723    (-1.9567340727859501-0.06236003063985878j)    -1.8819655123819208    -1.910439846168743    -2.00163177402725    -1.9160861180398077
-0.6941000041764832    -1.8977806459898723    -1.5756164767018657    -1.8977806459898723    (-1.802588528035155-0.00263733081746204j)    -1.8608626131329173    -1.866237170069634    -1.9182841255221619    -1.9160861180398077
-0.6941000041764832    -1.8977806459898723    -1.5756164767018657    -1.8977806459898723    (-1.9333421219671887+0.0045916617021268665j)    -1.9107457641424257    -1.90681486560956    -1.8799583947174612    -1.9160861180398077
-0.6941000041764832    -1.8977806459898723    -1.5756164767018657    -1.8977806459898723    (-1.8531486804617119+0.03787569635747051j)    -1.8532301903347936    -1.8550515660297684    -2.116330804885775    -1.9160861180398077
-0.6941000041764832    -1.8977806459898723    -1.5756164767018657    -1.8977806459898723    (-1.9148698979566754-0.04454721675690541j)    -1.8857426116931284    -1.9188594302831465    -2.1551280779005784    -1.9160861180398077
-0.6941000041764832    -1.8977806459898723    -1.5756164767018657    -1.8977806459898723    (-1.8501756874669797+0.055793690307508456j)    -1.9437379328701998    -1.8310358649250245    -1.9048169904719248    -1.9160861180398077
-0.6941000041764832    -1.8977806459898723    -1.5756164767018657    -1.8977806459898723    (-1.9277572171570296+0.024058380083068848j)    -1.9093983926180518    -1.8470882246897375    -1.907368588938924    -1.9160861180398077
-0.6941000041764832    -1.8977806459898723    -1.5756164767018657    -1.8977806459898723    (-1.8892917543816532-0.04274254413594871j)    -1.8941138082486455    -1.8975615699386383    -1.7265112059464707    -1.9160861180398077
-0.6941000041764832    -1.8977806459898723    -1.5756164767018657    -1.8977806459898723    (-1.8886021971024702-0.05847290508084678j)    -1.9370031454177625    -1.8966791332330273    -1.9685732177584598    -1.9160861180398077
-0.6941000041764832    -1.8977806459898723    -1.5756164767018657    -1.8977806459898723    (-1.8745307921232885-0.0016607896656579571j)    -1.8374350979341925    -1.9063959339094065    -1.943833050754844    -1.9160861180398077
-0.6941000041764832    -1.8977806459898723    -1.5756164767018657    -1.8977806459898723    (-1.8599995962733367-0.044622269794059644j)    -1.8680780655949716    -1.8285938679588996    -1.8828676507910516    -1.9160861180398077
-0.6941000041764832    -1.8977806459898723    -1.5756164767018657    -1.8977806459898723    (-1.947742223221688-0.003710930178617556j)    -1.9432245287320704    -2.013361069474373    -1.7737504521599834    -1.9160861180398077
-0.6941000041764832    -1.8977806459898723    -1.5756164767018657    -1.8977806459898723    (-1.9486499121522909+0.0019212406711618822j)    -1.9006742166175181    -1.8989714772961364    -1.869563570597405    -1.9160861180398077
-0.6941000041764832    -1.8977806459898723    -1.5756164767018657    -1.8977806459898723    (-1.8437935781787789-0.0015120493191673621j)    -1.8664004657308224    -1.8536604752690815    -1.9113197930360146    -1.9160861180398077
-0.6941000041764832    -1.8977806459898723    -1.5756164767018657    -1.8977806459898723    (-1.8633222311675341-0.09000724634097432j)    -1.9035974647167921    -1.9686269169410093    -1.827257174092588    -1.9160861180398077
-0.6941000041764832    -1.8977806459898723    -1.5756164767018657    -1.8977806459898723    (-1.8816730363036145-0.027737611393656263j)    -1.926630865226491    -1.9215229889995404    -1.8683891348370851    -1.9160861180398077
-0.6941000041764832    -1.8977806459898723    -1.5756164767018657    -1.8977806459898723    (-1.9299946434968474-0.046328308387649834j)    -1.902138998396003    -1.961321091941052    -1.705611854113948    -1.9160861180398077
-0.6941000041764832    -1.8977806459898723    -1.5756164767018657    -1.8977806459898723    (-1.9234405145153401+0.01340933605060133j)    -1.9011997252984043    -1.8741446892211338    -2.0210900468785433    -1.9160861180398077
-0.6941000041764832    -1.8977806459898723    -1.5756164767018657    -1.8977806459898723    (-1.9972558101681006-0.021385360624867247j)    -1.8736997111457452    -1.9240794889731743    -1.9394743970787562    -1.9160861180398077
-0.6941000041764832    -1.8977806459898723    -1.5756164767018657    -1.8977806459898723    (-1.9709619641267961+0.04065846340745114j)    -1.8435856400811124    -1.942944502554825    -1.8544228953936812    -1.9160861180398077
-0.6941000041764832    -1.8977806459898723    -1.5756164767018657    -1.8977806459898723    (-1.8923423267481991+0.013197786830974502j)    -1.9075806085393496    -1.8898379969800434    -2.0054177554829216    -1.9160861180398077
-0.6941000041764832    -1.8977806459898723    -1.5756164767018657    -1.8977806459898723    (-1.922972462980995+0.07062231299097743j)    -1.8549294891671229    -1.874973243356987    -1.8545784382586414    -1.9160861180398077
-0.6941000041764832    -1.8977806459898723    -1.5756164767018657    -1.8977806459898723    (-1.9691822790461762+0.05198940099318487j)    -1.9037119523968236    -1.869032268223896    -1.6931257939282134    -1.9160861180398077
-0.6941000041764832    -1.8977806459898723    -1.5756164767018657    -1.8977806459898723    (-1.9372679708101304-0.08731147708516941j)    -1.8939828175915636    -1.8911912844785839    -1.9969350574067513    -1.9160861180398077
-0.6941000041764832    -1.8977806459898723    -1.5756164767018657    -1.8977806459898723    (-1.9740361582928565-0.025882409186445854j)    -1.9698814752473046    -1.877675320259855    -1.9543557963857392    -1.9160861180398077
-0.6941000041764832    -1.8977806459898723    -1.5756164767018657    -1.8977806459898723    (-1.9223337495484967+0.03717670672011614j)    -1.8963021456579285    -1.879875424195863    -1.7591513220212154    -1.9160861180398077
-0.6941000041764832    -1.8977806459898723    -1.5756164767018657    -1.8977806459898723    (-1.9183551778401247-0.03703942455338864j)    -1.9062573766143185    -1.8855245961539324    -2.0022616226926693    -1.9160861180398077
-0.6941000041764832    -1.8977806459898723    -1.5756164767018657    -1.8977806459898723    (-1.8786060099197235+0.10337475063619983j)    -1.9077787705659284    -1.9024843366609419    -1.8826173882237502    -1.9160861180398077
-0.6941000041764832    -1.8977806459898723    -1.5756164767018657    -1.8977806459898723    (-1.9094732550055145+0.0450251709349645j)    -1.8724159406903231    -1.897505323409823    -2.0248280344353935    -1.9160861180398077
-0.6941000041764832    -1.8977806459898723    -1.5756164767018657    -1.8977806459898723    (-1.8474570523507636-0.10461933821060505j)    -1.811033044376965    -1.8998885745106555    -1.9296092916250611    -1.9160861180398077
-0.6941000041764832    -1.8977806459898723    -1.5756164767018657    -1.8977806459898723    (-1.9360840954647158-0.058816980458452j)    -1.8934473534294929    -1.8923149777484942    -1.9507939531381084    -1.9160861180398077
-0.6941000041764832    -1.8977806459898723    -1.5756164767018657    -1.8977806459898723    (-1.893637949102697+0.04437731225981296j)    -1.9084352966146798    -1.9043365729195878    -1.9761406571562625    -1.9160861180398077
-0.6941000041764832    -1.8977806459898723    -1.5756164767018657    -1.8977806459898723    (-1.8398860035725546+0.025338832989935185j)    -1.901295376055325    -1.8147196662980454    -1.934111415861844    -1.9160861180398077
-0.6941000041764832    -1.8977806459898723    -1.5756164767018657    -1.8977806459898723    (-1.9182454742371522+0.00962905102617216j)    -1.978436368159303    -1.9108011318841869    -1.848009805171857    -1.9160861180398077
-0.6941000041764832    -1.8977806459898723    -1.5756164767018657    -1.8977806459898723    (-1.858578982775874+0.029054702018687966j)    -1.8866461130770384    -1.8496990522076664    -1.87385869424118    -1.9160861180398077
-0.6941000041764832    -1.8977806459898723    -1.5756164767018657    -1.8977806459898723    (-1.9770936253791662-0.03194546389043648j)    -1.8937478193126702    -2.004936940969162    -1.9064968366209845    -1.9160861180398077
-0.6941000041764832    -1.8977806459898723    -1.5756164767018657    -1.8977806459898723    (-1.9488069703742668-0.12070607758036066j)    -1.8582852672126922    -1.8476846813521763    -1.9177095058094766    -1.9160861180398077
-0.6941000041764832    -1.8977806459898723    -1.5756164767018657    -1.8977806459898723    (-1.897832433449748-0.11228867164755865j)    -1.8659200427083888    -1.9544568042679729    -1.8734493708043045    -1.9160861180398077
-0.6941000041764832    -1.8977806459898723    -1.5756164767018657    -1.8977806459898723    (-1.8993383917052005+0.10789609774115674j)    -1.885834807770186    -1.974851611976188    -1.9604286477096768    -1.9160861180398077
-0.6941000041764832    -1.8977806459898723    -1.5756164767018657    -1.8977806459898723    (-1.873941225800167+0.011180113150174208j)    -1.9112203555274363    -1.8513377312919368    -1.9217275594866237    -1.9160861180398077
-0.6941000041764832    -1.8977806459898723    -1.5756164767018657    -1.8977806459898723    (-1.8191063272994827-0.006408019030195583j)    -1.9038603755132577    -1.8440206691117653    -1.9109129373735372    -1.9160861180398077
-0.6941000041764832    -1.8977806459898723    -1.5756164767018657    -1.8977806459898723    (-1.881436697768713-0.0006146219637215627j)    -1.8905402643499345    -1.887852979959072    -1.8467914351982189    -1.9160861180398077
-0.6941000041764832    -1.8977806459898723    -1.5756164767018657    -1.8977806459898723    (-1.9914787205910403+0.04747599143147935j)    -1.9394272539246376    -1.8470557219009167    -1.8459772811176787    -1.9160861180398077
-0.6941000041764832    -1.8977806459898723    -1.5756164767018657    -1.8977806459898723    (-1.878687153699818+0.05629719799906753j)    -1.895253561632723    -1.962547217989028    -1.9493135385337166    -1.9160861180398077
-0.6941000041764832    -1.8977806459898723    -1.5756164767018657    -1.8977806459898723    (-1.8325708731349102-0.14386142516330408j)    -1.9073950911433717    -1.8237584540284344    -1.9804647983851738    -1.9160861180398077
-0.6941000041764832    -1.8977806459898723    -1.5756164767018657    -1.8977806459898723    (-1.8970526442550149-0.05112944495558615j)    -1.8516589104214236    -1.9072175426843727    -1.9348784991813264    -1.9160861180398077
-0.6941000041764832    -1.8977806459898723    -1.5756164767018657    -1.8977806459898723    (-1.9239176408503447+0.07116489951814252j)    -1.846989428443048    -1.9399970095233385    -1.8814414282645846    -1.9160861180398077
-0.6941000041764832    -1.8977806459898723    -1.5756164767018657    -1.8977806459898723    (-1.920352788857777-0.1490620097647061j)    -1.8963834224708327    -1.9063805543454218    -1.9289402129324091    -1.9160861180398077
-0.6941000041764832    -1.8977806459898723    -1.5756164767018657    -1.8977806459898723    (-1.8433334140314968-0.028841072077170744j)    -1.9108142254499352    -1.8802594288477474    -1.8235270982885823    -1.9160861180398077
-0.6941000041764832    -1.8977806459898723    -1.5756164767018657    -1.8977806459898723    (-1.8589557049937748-0.04428742056569107j)    -1.9034475046096122    -1.8549798003789417    -1.9876539108082296    -1.9160861180398077
-0.6941000041764832    -1.8977806459898723    -1.5756164767018657    -1.8977806459898723    (-1.8464522826540875+0.030083961405754235j)    -1.8226276690535466    -1.904919135289849    -1.9537648641853003    -1.9160861180398077
-0.6941000041764832    -1.8977806459898723    -1.5756164767018657    -1.8977806459898723    (-1.9127987898389414+0.032366807602979546j)    -1.8800111767414287    -1.9020847365813935    -1.8181178778986826    -1.9160861180398077
-0.6941000041764832    -1.8977806459898723    -1.5756164767018657    -1.8977806459898723    (-1.9364444774503047-0.2131239533296148j)    -1.8908099693954696    -1.9142858948297101    -1.8692373602986772    -1.9160861180398077
-0.6941000041764832    -1.8977806459898723    -1.5756164767018657    -1.8977806459898723    (-1.9472804643779675+0.08777421406722007j)    -1.9249098961696607    -1.89241552692697    -1.8485768242928913    -1.9160861180398077
-0.6941000041764832    -1.8977806459898723    -1.5756164767018657    -1.8977806459898723    (-1.9025766435726874-0.04373709367504872j)    -1.8919383894644026    -1.9586259889971942    -1.8850221239269676    -1.9160861180398077
-0.6941000041764832    -1.8977806459898723    -1.5756164767018657    -1.8977806459898723    (-1.8680742685569283+0.06359124205724093j)    -1.9004715734850632    -1.9360250580912688    -1.883005218237906    -1.9160861180398077
-0.6941000041764832    -1.8977806459898723    -1.5756164767018657    -1.8977806459898723    (-1.8727617648872623-0.05754157430455035j)    -1.9890255430359824    -1.9833215599146266    -1.8231132430970813    -1.9160861180398077
-0.6941000041764832    -1.8977806459898723    -1.5756164767018657    -1.8977806459898723    (-1.9857348626613474+0.07870730898953689j)    -1.8687879249924106    -1.9050148631965445    -1.920480151322729    -1.9160861180398077
-0.6941000041764832    -1.8977806459898723    -1.5756164767018657    -1.8977806459898723    (-1.926170822963023-0.14693574537500653j)    -1.866650325807432    -1.8782630625043872    -1.8844407299531674    -1.9160861180398077
-0.6941000041764832    -1.8977806459898723    -1.5756164767018657    -1.8977806459898723    (-1.8911896303159548+0.009622862565631553j)    -1.8976166542540152    -1.8668474248618232    -1.8107685020335493    -1.9160861180398077
-0.6941000041764832    -1.8977806459898723    -1.5756164767018657    -1.8977806459898723    (-1.8375904869971598+0.06294499162941637j)    -1.922503734226619    -1.869824794736873    -1.9017591846775321    -1.9160861180398077
-0.6941000041764832    -1.8977806459898723    -1.5756164767018657    -1.8977806459898723    (-1.8220802419375388-0.0892784257400252j)    -1.9094257176056382    -1.922933535723866    -1.9358611537539394    -1.9160861180398077
-0.6941000041764832    -1.8977806459898723    -1.5756164767018657    -1.8977806459898723    (-1.9274262475027621+0.03512262664711798j)    -1.9429013666254569    -1.8090906033156755    -1.8735095355514388    -1.9160861180398077
-0.6941000041764832    -1.8977806459898723    -1.5756164767018657    -1.8977806459898723    (-1.9085255427681653-0.06942836510166409j)    -1.8448883694687688    -1.9116085778075063    -1.878465007699514    -1.9160861180398077
-0.6941000041764832    -1.8977806459898723    -1.5756164767018657    -1.8977806459898723    (-1.8817915355205717+0.09055486321994746j)    -1.9438760460466593    -1.785897681046617    -1.9768450697962832    -1.9160861180398077
-0.6941000041764832    -1.8977806459898723    -1.5756164767018657    -1.8977806459898723    (-1.886095791330035+0.008519297539910379j)    -1.885036644504424    -1.8258110651817219    -1.8422794830205464    -1.9160861180398077
-0.6941000041764832    -1.8977806459898723    -1.5756164767018657    -1.8977806459898723    (-1.879364976015713-0.04540686244176651j)    -1.9078343383324345    -1.8409475571352714    -1.9726298028274798    -1.9160861180398077
-0.6941000041764832    -1.8977806459898723    -1.5756164767018657    -1.8977806459898723    (-1.8933299622531126-0.04385415258225532j)    -1.8849326629542484    -2.0201176564112684    -1.7642326589039095    -1.9160861180398077
-0.6941000041764832    -1.8977806459898723    -1.5756164767018657    -1.8977806459898723    (-1.9427096451563144-0.07193189878410552j)    -1.9353150892351951    -1.9765375143970723    -1.996719564567551    -1.9160861180398077
-0.6941000041764832    -1.8977806459898723    -1.5756164767018657    -1.8977806459898723    (-1.8634496934425477-0.022316348317265998j)    -1.9022803257479577    -1.9452652007308986    -1.87705544635993    -1.9160861180398077
-0.6941000041764832    -1.8977806459898723    -1.5756164767018657    -1.8977806459898723    (-1.8653755042802933-0.010251431461186924j)    -1.907292912525233    -1.8501818218854813    -1.911824699731592    -1.9160861180398077
-0.6941000041764832    -1.8977806459898723    -1.5756164767018657    -1.8977806459898723    (-1.9167603063388026-0.013149213176317238j)    -1.8643635649249646    -1.882047672139546    -1.8819171712476457    -1.9160861180398077
