c0    e_fci    e_hf    ansatz_energy    HF+CS    HF+meas_diag    pauli_all    pauli_qbw    CCSD
0.4221546764159974    -2.8084274006364125    -2.116785062668915    -2.8084274006364125    (-2.8188028944159513-0.045023623017540766j)    -2.6462149299116566    -2.7066052434734607    -2.3349998034581376    -2.790728355351
0.4221546764159974    -2.8084274006364125    -2.116785062668915    -2.8084274006364125    (-2.5091135011258774-0.3071782316673742j)    -3.1726428730886416    -2.8900713641376754    -2.7586877275957247    -2.790728355351
0.4221546764159974    -2.8084274006364125    -2.116785062668915    -2.8084274006364125    (-2.6959906627411288+0.36254965055365634j)    -3.063858730528447    -2.5719964438066305    -3.1507811172521922    -2.790728355351
0.4221546764159974    -2.8084274006364125    -2.116785062668915    -2.8084274006364125    (-2.993277300639206+0.16249600623060026j)    -2.48231863520334    -2.904598505692012    -2.6394554098981216    -2.790728355351
0.4221546764159974    -2.8084274006364125    -2.116785062668915    -2.8084274006364125    (-2.664314444987883-0.07401920690813858j)    -5.929964944886116    -2.868056350415915    -2.4461322684546443    -2.790728355351
0.4221546764159974    -2.8084274006364125    -2.116785062668915    -2.8084274006364125    (-2.70237078173717+0.2981445609035733j)    -2.941840540693442    -2.718003482059515    -3.305154425665204    -2.790728355351
0.4221546764159974    -2.8084274006364125    -2.116785062668915    -2.8084274006364125    (-2.673856053453804-0.2539387659029987j)    -2.449650859836677    -2.8320187963719077    -2.8633408439434596    -2.790728355351
0.4221546764159974    -2.8084274006364125    -2.116785062668915    -2.8084274006364125    (-2.673640393332974-0.12146541749587304j)    -2.6961197588806876    -2.8095805084046086    -2.9482593144891336    -2.790728355351
0.4221546764159974    -2.8084274006364125    -2.116785062668915    -2.8084274006364125    (-2.6410326632766825-0.07000361574351431j)    -2.4792298584769346    -2.9220992838170994    -2.9131801923503575    -2.790728355351
0.4221546764159974    -2.8084274006364125    -2.116785062668915    -2.8084274006364125    (-2.6682212721273113+0.03593467861553565j)    -2.648401563333234    -2.965548471323982    -2.8486076739155415    -2.790728355351
0.4221546764159974    -2.8084274006364125    -2.116785062668915    -2.8084274006364125    (-3.114725903990371+0.011181003795498773j)    -3.3012531399746803    -2.806078329832326    -2.8965738094632414    -2.790728355351
0.4221546764159974    -2.8084274006364125    -2.116785062668915    -2.8084274006364125    (-2.703755395649825-0.011288660872573512j)    -2.688829748241014    -2.603962446492741    -2.6040631535976115    -2.790728355351
0.4221546764159974    -2.8084274006364125    -2.116785062668915    -2.8084274006364125    (-2.727248502525846-0.18957649137593924j)    -2.6510183518786605    -2.88961644870172    -2.5916137263379966    -2.790728355351
0.4221546764159974    -2.8084274006364125    -2.116785062668915    -2.8084274006364125    (-2.9786467432039676-0.12609771022157426j)    -2.7427564695315176    -2.8908222835532875    -2.9071745225226095    -2.790728355351
0.4221546764159974    -2.8084274006364125    -2.116785062668915    -2.8084274006364125    (-2.6986813598619803+0.03177821230498875j)    -2.7193407909280785    -2.85410258856574    -2.550064450224323    -2.790728355351
0.4221546764159974    -2.8084274006364125    -2.116785062668915    -2.8084274006364125    (-2.6016553404675093+0.20416561566739636j)    -2.6264448680135084    -2.7735176774268364    -2.9479256638637574    -2.790728355351
0.4221546764159974    -2.8084274006364125    -2.116785062668915    -2.8084274006364125    (-2.911613956340408-0.013087189465640199j)    -3.1943682512023024    -2.820072477401086    -2.763122322072555    -2.790728355351
0.4221546764159974    -2.8084274006364125    -2.116785062668915    -2.8084274006364125    (-2.6876764265516737-0.15797720661661066j)    -3.064545975033272    -2.8183977428997435    -3.0916336738293118    -2.790728355351
0.4221546764159974    -2.8084274006364125    -2.116785062668915    -2.8084274006364125    (-2.781340545577643+0.15889949181347512j)    -2.624757849989974    -2.6295615636609013    -2.9897867822063877    -2.790728355351
0.4221546764159974    -2.8084274006364125    -2.116785062668915    -2.8084274006364125    (-2.645333296138787+0.06772477855836032j)    -2.7400713928774367    -2.969070260430376    -2.7608427448358697    -2.790728355351
0.4221546764159974    -2.8084274006364125    -2.116785062668915    -2.8084274006364125    (-2.750564720569644+0.07367803925763386j)    -2.5698351004328326    -2.8361370846577456    -2.916549274839113    -2.790728355351
0.4221546764159974    -2.8084274006364125    -2.116785062668915    -2.8084274006364125    (-2.8432617962814812+0.001328648469954937j)    -2.7029141920176842    -2.777440810056735    -2.82175148634524    -2.790728355351
0.4221546764159974    -2.8084274006364125    -2.116785062668915    -2.8084274006364125    (-2.91434559179548-0.20940929410590348j)    -3.702193487948289    -2.729627725695653    -3.241478375007187    -2.790728355351
0.4221546764159974    -2.8084274006364125    -2.116785062668915    -2.8084274006364125    (-2.7980084705834294+0.16507906641736175j)    -2.545304705993011    -3.0328530792547053    -3.000473334153519    -2.790728355351
0.4221546764159974    -2.8084274006364125    -2.116785062668915    -2.8084274006364125    (-2.6088363487751383+0.003300044185002358j)    -2.8963377672262425    -2.869734490546209    -3.061954409136612    -2.790728355351
0.4221546764159974    -2.8084274006364125    -2.116785062668915    -2.8084274006364125    (-3.1040467671645064+0.04587740759711012j)    -2.681416501966363    -2.791204389933378    -2.4103889080871466    -2.790728355351
0.4221546764159974    -2.8084274006364125    -2.116785062668915    -2.8084274006364125    (-2.837111519650035-0.04743513068345991j)    -2.749603051568812    -2.882861882321488    -2.9637679202272893    -2.790728355351
0.4221546764159974    -2.8084274006364125    -2.116785062668915    -2.8084274006364125    (-2.6708644666414516-0.06089339543817327j)    -2.7805139721974768    -2.6270426403445675    -2.9348037049974587    -2.790728355351
0.4221546764159974    -2.8084274006364125    -2.116785062668915    -2.8084274006364125    (-2.77290388020179+0.27622925504392687j)    -2.724974705268381    -2.9634897328245913    -2.879664092511711    -2.790728355351
0.4221546764159974    -2.8084274006364125    -2.116785062668915    -2.8084274006364125    (-2.870461168239466-0.2990315008318771j)    -2.507726076281725    -2.75906894706725    -2.6210353365426964    -2.790728355351
0.4221546764159974    -2.8084274006364125    -2.116785062668915    -2.8084274006364125    (-2.7000108629275474-0.17260612389494445j)    -2.979405276323116    -2.815948084287951    -3.1291600739110277    -2.790728355351
0.4221546764159974    -2.8084274006364125    -2.116785062668915    -2.8084274006364125    (-2.8717584035832644-0.20695254973368524j)    -2.700755672729041    -2.8907010462481115    -2.876969029915737    -2.790728355351
0.4221546764159974    -2.8084274006364125    -2.116785062668915    -2.8084274006364125    (-2.8954844868695235+0.15318070090266284j)    -2.638437161854954    -2.75426909578063    -2.9428953042872625    -2.790728355351
0.4221546764159974    -2.8084274006364125    -2.116785062668915    -2.8084274006364125    (-2.743714398384787+0.059217609853678854j)    -3.328174692404647    -2.8021667753602912    -2.5749470211882874    -2.790728355351
0.4221546764159974    -2.8084274006364125    -2.116785062668915    -2.8084274006364125    (-2.669688268118482+0.015121356920825679j)    -2.7939149334932587    -2.932149036806539    -2.7115400151829694    -2.790728355351
0.4221546764159974    -2.8084274006364125    -2.116785062668915    -2.8084274006364125    (-2.759653974602859+0.1791255239006425j)    -2.518773519033452    -2.8764202303793387    -2.8953637254923703    -2.790728355351
0.4221546764159974    -2.8084274006364125    -2.116785062668915    -2.8084274006364125    (-2.8214552908894532+0.0875960143375706j)    -5.003503688918728    -2.688196155395827    -2.6860304226729745    -2.790728355351
0.4221546764159974    -2.8084274006364125    -2.116785062668915    -2.8084274006364125    (-2.654366998278312+0.19261015541942092j)    -2.8114549688097656    -2.9383358491706657    -3.0682159465227334    -2.790728355351
0.4221546764159974    -2.8084274006364125    -2.116785062668915    -2.8084274006364125    (-2.9858045365092405-0.015096990369975102j)    -2.6217306226394745    -2.646284420042585    -3.125727351410555    -2.790728355351
0.4221546764159974    -2.8084274006364125    -2.116785062668915    -2.8084274006364125    (-2.8589301928535926-0.07524632432265595j)    -2.7900823024938175    -2.9151261360394387    -2.751309745388579    -2.790728355351
0.4221546764159974    -2.8084274006364125    -2.116785062668915    -2.8084274006364125    (-2.7857136332189407+0.08632053545671634j)    -3.5566474702331776    -2.945676726710378    -3.0947822783839434    -2.790728355351
0.4221546764159974    -2.8084274006364125    -2.116785062668915    -2.8084274006364125    (-2.7007480209907357+0.3631241849906274j)    -2.57773685086961    -2.728896744223625    -3.0016943956987845    -2.790728355351
0.4221546764159974    -2.8084274006364125    -2.116785062668915    -2.8084274006364125    (-2.7581714426362236+0.36829803608469136j)    -2.6121013514382883    -2.5919403785793746    -2.7881875507112768    -2.790728355351
0.4221546764159974    -2.8084274006364125    -2.116785062668915    -2.8084274006364125    (-2.941875181551641+0.4002645748229144j)    -3.7287145759381204    -2.681289667150155    -2.8922549889802984    -2.790728355351
0.4221546764159974    -2.8084274006364125    -2.116785062668915    -2.8084274006364125    (-2.656096446665889-0.23639066292143024j)    -2.6470738284607824    -2.9342538041896664    -2.9214222216403067    -2.790728355351
0.4221546764159974    -2.8084274006364125    -2.116785062668915    -2.8084274006364125    (-2.733839233159922-0.17919287128426134j)    -2.7322910662649194    -2.7094241076277954    -3.0862025870139163    -2.790728355351
0.4221546764159974    -2.8084274006364125    -2.116785062668915    -2.8084274006364125    (-2.55931874398617-0.37462692440357137j)    -3.3050488557887867    -2.7975107846195906    -3.0116976020119646    -2.790728355351
0.4221546764159974    -2.8084274006364125    -2.116785062668915    -2.8084274006364125    (-2.736225002956206-0.03901829232855j)    -3.1226381015444353    -2.814985713682068    -2.752097207387726    -2.790728355351
0.4221546764159974    -2.8084274006364125    -2.116785062668915    -2.8084274006364125    (-2.6414375453710264-0.27525043965013074j)    -2.605511826704948    -2.584210023463446    -2.8005062827826523    -2.790728355351
0.4221546764159974    -2.8084274006364125    -2.116785062668915    -2.8084274006364125    (-2.7456518548150144-0.22383563505899096j)    -2.5317959428001644    -2.7226648509928455    -2.8578316647962345    -2.790728355351
0.4221546764159974    -2.8084274006364125    -2.116785062668915    -2.8084274006364125    (-2.6800806963352555-0.06391885017511248j)    -3.421599941239684    -2.818386132846703    -2.5722587230788267    -2.790728355351
0.4221546764159974    -2.8084274006364125    -2.116785062668915    -2.8084274006364125    (-3.0220723675931116+7.415209110283563e-05j)    -3.0324244198461567    -2.8356230529062842    -2.6997992772631894    -2.790728355351
0.4221546764159974    -2.8084274006364125    -2.116785062668915    -2.8084274006364125    (-2.791917255032745+0.04354807400388624j)    -2.8587811781702483    -2.760297929545768    -2.7725206468198587    -2.790728355351
0.4221546764159974    -2.8084274006364125    -2.116785062668915    -2.8084274006364125    (-2.784234306637724+0.11188427085082221j)    -2.924085119442294    -2.852190844395426    -2.7532856744528003    -2.790728355351
0.4221546764159974    -2.8084274006364125    -2.116785062668915    -2.8084274006364125    (-2.672248257201125+0.2392248412091901j)    -2.7840843943705416    -2.6863504175343236    -2.9330517568151437    -2.790728355351
0.4221546764159974    -2.8084274006364125    -2.116785062668915    -2.8084274006364125    (-3.284011872287127+0.012591744812125945j)    -3.440665507881387    -2.8702396769902214    -2.7781084067067723    -2.790728355351
0.4221546764159974    -2.8084274006364125    -2.116785062668915    -2.8084274006364125    (-2.683838219413416-0.1489850190585829j)    -4.851773477568077    -2.8074017785203917    -3.1257123154218727    -2.790728355351
0.4221546764159974    -2.8084274006364125    -2.116785062668915    -2.8084274006364125    (-2.6844758499861534-0.10424558185480948j)    -3.2910412790454098    -2.7854658680819515    -2.6900373927418757    -2.790728355351
0.4221546764159974    -2.8084274006364125    -2.116785062668915    -2.8084274006364125    (-2.6438340965667533+0.14424356316148967j)    -2.3483557576178336    -3.032631698806158    -2.6320260823384602    -2.790728355351
0.4221546764159974    -2.8084274006364125    -2.116785062668915    -2.8084274006364125    (-3.021255851097283-0.03369439964233436j)    -4.637171664324379    -2.75474986193644    -2.7104362885084083    -2.790728355351
0.4221546764159974    -2.8084274006364125    -2.116785062668915    -2.8084274006364125    (-2.669227225859334+0.08887041635269702j)    -2.502456575221229    -2.6901109511691277    -2.917401041850612    -2.790728355351
0.4221546764159974    -2.8084274006364125    -2.116785062668915    -2.8084274006364125    (-2.924195996091059+0.1484443855674999j)    -2.7293937200500458    -2.8352176040693307    -2.842276982890799    -2.790728355351
0.4221546764159974    -2.8084274006364125    -2.116785062668915    -2.8084274006364125    (-2.778041298584898+0.1245528814616893j)    -2.7974884884771494    -2.7838193027881943    -2.695442044099347    -2.790728355351
0.4221546764159974    -2.8084274006364125    -2.116785062668915    -2.8084274006364125    (-2.8173023282583323+0.2573828729050194j)    -2.660023996554538    -2.722389328902906    -2.8458890518271853    -2.790728355351
0.4221546764159974    -2.8084274006364125    -2.116785062668915    -2.8084274006364125    (-2.8054816293840386-0.08536747975991664j)    -3.007542929695651    -2.8347979878371996    -2.9461241871156236    -2.790728355351
0.4221546764159974    -2.8084274006364125    -2.116785062668915    -2.8084274006364125    (-2.76046602377036+0.20061072737352928j)    -3.2211886809507027    -2.8101616817523287    -2.601450472037112    -2.790728355351
0.4221546764159974    -2.8084274006364125    -2.116785062668915    -2.8084274006364125    (-3.154231522096187-0.38473959079357933j)    -2.71625356572112    -2.754207833138387    -2.960386619380915    -2.790728355351
0.4221546764159974    -2.8084274006364125    -2.116785062668915    -2.8084274006364125    (-2.6493029449996373+0.020479014706437093j)    -2.569283013649795    -2.9362180569397296    -2.7642602961760283    -2.790728355351
0.4221546764159974    -2.8084274006364125    -2.116785062668915    -2.8084274006364125    (-2.746368956821809+0.002181028436697594j)    -3.6810958234981186    -2.945143516714074    -2.6476038519416414    -2.790728355351
0.4221546764159974    -2.8084274006364125    -2.116785062668915    -2.8084274006364125    (-2.7997500174315944+0.27737626411160204j)    -2.874326647343813    -2.898142199086952    -2.7141087051480643    -2.790728355351
0.4221546764159974    -2.8084274006364125    -2.116785062668915    -2.8084274006364125    (-2.907115486965137-0.04866068927873828j)    -2.9836689240574765    -2.7945879873357113    -3.0794425651816777    -2.790728355351
0.4221546764159974    -2.8084274006364125    -2.116785062668915    -2.8084274006364125    (-2.651556574562166-0.22474192745013868j)    -3.0488636454746407    -2.7072493824294193    -2.970266546328726    -2.790728355351
0.4221546764159974    -2.8084274006364125    -2.116785062668915    -2.8084274006364125    (-2.8913775911101625-0.14583084400122479j)    -2.653709514862096    -2.852202077399775    -2.896175818642207    -2.790728355351
0.4221546764159974    -2.8084274006364125    -2.116785062668915    -2.8084274006364125    (-3.0270982619595177-0.37513149270940904j)    -2.9514444059886413    -2.676985395836796    -2.957298631831658    -2.790728355351
0.4221546764159974    -2.8084274006364125    -2.116785062668915    -2.8084274006364125    (-2.8453301757915854-0.15170878809409064j)    -2.7661945874354483    -2.728371808528571    -2.870808119638278    -2.790728355351
0.4221546764159974    -2.8084274006364125    -2.116785062668915    -2.8084274006364125    (-2.689683777103319-0.1472734483161407j)    -3.2692933216043545    -2.6720313943380725    -2.589666333961511    -2.790728355351
0.4221546764159974    -2.8084274006364125    -2.116785062668915    -2.8084274006364125    (-2.651595723954701-0.2943021663669724j)    -2.6966301638082424    -2.931557725143692    -2.9810247366196636    -2.790728355351
0.4221546764159974    -2.8084274006364125    -2.116785062668915    -2.8084274006364125    (-2.7431248510144544+0.2574831856162401j)    -2.7614861626310123    -2.925017221979763    -2.500905701657219    -2.790728355351
0.4221546764159974    -2.8084274006364125    -2.116785062668915    -2.8084274006364125    (-2.9889793412604875+0.02502595309318067j)    -2.9698778300487    -2.803238995358836    -2.760118575204669    -2.790728355351
0.4221546764159974    -2.8084274006364125    -2.116785062668915    -2.8084274006364125    (-2.823082031234989-0.15639008934992504j)    -2.5610131707171493    -3.0030625559533193    -2.79167493961323    -2.790728355351
0.4221546764159974    -2.8084274006364125    -2.116785062668915    -2.8084274006364125    (-2.770390266762795+0.1106705159436311j)    -3.1760840116564077    -2.661338113218379    -2.7536246711696872    -2.790728355351
0.4221546764159974    -2.8084274006364125    -2.116785062668915    -2.8084274006364125    (-2.723019802052544-0.3711548892126589j)    -2.957076965940656    -2.8945246245227665    -2.9844861398529665    -2.790728355351
0.4221546764159974    -2.8084274006364125    -2.116785062668915    -2.8084274006364125    (-2.6322541481811363+0.09068150614803995j)    -3.652981319576044    -2.9060191156603077    -2.7549287649176812    -2.790728355351
0.4221546764159974    -2.8084274006364125    -2.116785062668915    -2.8084274006364125    (-2.6861110244497732-0.02010002621090188j)    -3.044212991407166    -2.7693149065903686    -2.5376208360158614    -2.790728355351
0.4221546764159974    -2.8084274006364125    -2.116785062668915    -2.8084274006364125    (-2.6919883609856323-0.047085239227103406j)    -3.7226794516984896    -2.819554140197608    -2.432434624053159    -2.790728355351
0.4221546764159974    -2.8084274006364125    -2.116785062668915    -2.8084274006364125    (-2.8449718435150646+0.138107910444302j)    -2.609817003515741    -2.6581610116410763    -2.7677157479898513    -2.790728355351
0.4221546764159974    -2.8084274006364125    -2.116785062668915    -2.8084274006364125    (-2.7138975840830253-0.1603909334917425j)    -2.576040777950423    -2.847896759588668    -2.455021217788914    -2.790728355351
0.4221546764159974    -2.8084274006364125    -2.116785062668915    -2.8084274006364125    (-2.7771716728777442+0.019778981808826614j)    -2.6426340257470873    -2.7774269981930173    -3.072826866665422    -2.790728355351
0.4221546764159974    -2.8084274006364125    -2.116785062668915    -2.8084274006364125    (-3.146511733212459-0.0103005443513542j)    -2.860866576956816    -2.8733402946282998    -2.860972853366556    -2.790728355351
0.4221546764159974    -2.8084274006364125    -2.116785062668915    -2.8084274006364125    (-2.822472398522622-0.05108412368065658j)    -2.6781326262140634    -2.885996227646665    -2.752687424801746    -2.790728355351
0.4221546764159974    -2.8084274006364125    -2.116785062668915    -2.8084274006364125    (-2.6588434751262997-0.16437158580889558j)    -2.627693349284585    -2.9259278489070244    -2.696177881960459    -2.790728355351
0.4221546764159974    -2.8084274006364125    -2.116785062668915    -2.8084274006364125    (-2.6945240463779383-0.03780633861012895j)    -2.9833707324687326    -2.8697551465188615    -2.787422250225944    -2.790728355351
0.4221546764159974    -2.8084274006364125    -2.116785062668915    -2.8084274006364125    (-2.6158776913541972+0.1476994250182196j)    -2.709528696277741    -2.6507965257999353    -2.8145296848331878    -2.790728355351
0.4221546764159974    -2.8084274006364125    -2.116785062668915    -2.8084274006364125    (-3.0366614815633377-0.019231918170642393j)    -2.5706678500539386    -2.7523208310173843    -3.0794464158128223    -2.790728355351
0.4221546764159974    -2.8084274006364125    -2.116785062668915    -2.8084274006364125    (-2.854391067433922+0.3059807169745368j)    -2.5608230144795536    -2.7418853080080656    -2.741176973996519    -2.790728355351
0.4221546764159974    -2.8084274006364125    -2.116785062668915    -2.8084274006364125    (-2.6671705562633394+0.29256120540135383j)    -2.6881216766016345    -2.7365662389052696    -2.5279621525948675    -2.790728355351
0.4221546764159974    -2.8084274006364125    -2.116785062668915    -2.8084274006364125    (-2.6116659710263876+0.01446276919492537j)    -2.938887631823094    -2.7955255528517142    -2.9553696430455236    -2.790728355351
0.4221546764159974    -2.8084274006364125    -2.116785062668915    -2.8084274006364125    (-3.3682237960867076-0.15764429981479994j)    -2.5256990651970193    -2.8445459656192376    -2.8676639241926205    -2.790728355351
0.4221546764159974    -2.8084274006364125    -2.116785062668915    -2.8084274006364125    (-2.8101979689431595-0.2162885450176761j)    -2.9009311206064003    -2.7233024708980813    -2.221816665979569    -2.790728355351
0.4221546764159974    -2.8084274006364125    -2.116785062668915    -2.8084274006364125    (-2.9004797078629925+0.09975880828854425j)    -3.4048873703405578    -2.820099363312031    -2.780045472812616    -2.790728355351
